Round Trip Times for BenchmarkingChatClient 188703089 (in milliseconds):

973
657
512
454
450
446
443
439
438
432
431
426
424
329
327
314
312
275
215
212
284
282
281
279
276
235
234
231
229
276
275
274
273
274
270
269
267
265
259
170
80
73
120
116
58
55
Round Trip Times for BenchmarkingChatClient 154670275 (in milliseconds):

742
643
248
245
392
392
392
414
206
Round Trip Times for BenchmarkingChatClient 1221028867 (in milliseconds):

Round Trip Times for BenchmarkingChatClient 888216686 (in milliseconds):

306
1910
1704
1594
1448
1256
1112
881
703
593
442
289
183
118
346
194
1049
898
774
584
405
295
173
169
205
84
90
175
128
44
144
134
129
126
195
128
165
167
169
83
93
89
175
186
177
170
181
179
82
Round Trip Times for BenchmarkingChatClient 1502082001 (in milliseconds):

3527
3481
3318
3214
3062
3025
2893
2787
2633
2517
2292
2266
3995
3924
3777
3639
3361
3343
3191
3070
2923
2720
2656
2552
2454
2265
1831
Round Trip Times for BenchmarkingChatClient 298529822 (in milliseconds):

783
631
522
407
273
72
168
485
389
488
1558
1415
1227
6259
208
249
249
144
124
216
195
80
133
212
138
200
324
231
208
277
271
233
274
184
182
176
173
108
274
243
227
223
262
224
141
299
288
250
291
Round Trip Times for BenchmarkingChatClient 80123306 (in milliseconds):

181
144
135
137
96
91
87
82
546
661
655
654
768
763
759
752
567
501
1652
1635
1289
1290
234
234
406
405
230
230
1005
1004
1004
1095
1097
1098
1097
1098
1096
1096
1154
Round Trip Times for BenchmarkingChatClient 1892012193 (in milliseconds):

4173
4124
4042
3965
3881
3799
3694
3581
3495
3413
3328
3245
3162
3079
2997
2913
2829
2747
2664
2579
2495
2413
Round Trip Times for BenchmarkingChatClient 1179193853 (in milliseconds):

Round Trip Times for BenchmarkingChatClient 2116551880 (in milliseconds):

3102
359
358
354
353
353
352
343
342
339
4817
4888
4888
4888
4888
4889
4889
4888
4888
4888
4891
4890
4982
4809
4806
4561
4500
4500
4612
4612
Round Trip Times for BenchmarkingChatClient 1701569863 (in milliseconds):

547
471
270
224
143
Round Trip Times for BenchmarkingChatClient 277869962 (in milliseconds):

Round Trip Times for BenchmarkingChatClient 504208938 (in milliseconds):

213
278
318
287
236
268
296
270
288
358
183
136
204
322
363
279
265
327
325
221
303
300
321
408
359
175
114
121
263
300
265
281
268
273
267
269
302
257
225
201
193
280
210
54
6053
6039
486
264
345
Round Trip Times for BenchmarkingChatClient 1943939382 (in milliseconds):

Round Trip Times for BenchmarkingChatClient 816687679 (in milliseconds):

5307
5287
4984
4902
4744
4551
4373
4261
4132
3990
3869
3745
3604
3402
3299
3177
3032
2872
2694
2558
2530
2395
2212
2075
1897
1642
1565
1247
1100
948
753
628
491
328
Round Trip Times for BenchmarkingChatClient 1000297118 (in milliseconds):

ERROR - COULD NOT WRITE RTT TO FILE
Round Trip Times for BenchmarkingChatClient 1557185983 (in milliseconds):

62
48
136
91
130
168
93
131
168
168
168
168
167
167
168
168
84
204
58
89
158
209
182
173
183
177
168
170
191
192
130
45
166
123
165
84
142
149
181
172
164
83
90
90
128
168
127
44
93
Round Trip Times for BenchmarkingChatClient 371814769 (in milliseconds):

Round Trip Times for BenchmarkingChatClient 1744999408 (in milliseconds):

Round Trip Times for BenchmarkingChatClient 1002526278 (in milliseconds):

8185
8061
7905
7781
7659
7512
7574
7435
7310
7107
7086
6966
6823
6657
6483
6347
6184
6056
5875
5743
5562
5520
5322
5063
Round Trip Times for BenchmarkingChatClient 1277457597 (in milliseconds):

3835
3760
3757
3673
3591
3456
3403
3340
3209
3187
2430
2300
170
213
240
267
257
258
271
272
1455
1249
1144
1038
961
810
696
499
322
313
287
143
190
222
177
206
208
98
174
176
168
85
128
94
158
193
169
166
170
Round Trip Times for BenchmarkingChatClient 860784724 (in milliseconds):

Round Trip Times for BenchmarkingChatClient 1544107927 (in milliseconds):

246
222
277
266
184
53
155
203
276
353
397
279
92
192
213
260
258
269
271
311
216
257
292
265
310
369
284
250
290
205
266
185
50
97
156
190
221
217
164
128
127
175
193
202
202
195
167
195
194
Round Trip Times for BenchmarkingChatClient 1749730460 (in milliseconds):

501
339
159
211
187
58
326
222
220
102
216
216
275
268
353
336
232
249
268
264
309
158
233
157
210
187
354
205
248
1675
1536
1800
1594
1497
1380
1228
1073
895
686
542
393
284
274
229
172
205
210
98
171
Round Trip Times for BenchmarkingChatClient 1418194355 (in milliseconds):

173
121
143
172
166
169
172
173
169
167
169
283
269
70
263
307
305
352
283
233
262
253
251
274
293
303
219
258
300
330
309
299
291
297
166
302
250
270
328
318
343
110
209
201
133
244
241
289
275
Round Trip Times for BenchmarkingChatClient 983769576 (in milliseconds):

Round Trip Times for BenchmarkingChatClient 1284380651 (in milliseconds):

3452
1677
1675
1675
328
327
326
322
321
320
320
319
318
317
317
230
201
103
196
206
59
93
173
178
172
197
156
166
165
169
152
66
92
136
193
196
137
47
89
142
127
126
127
127
126
126
164
167
167
Round Trip Times for BenchmarkingChatClient 2001001037 (in milliseconds):

Round Trip Times for BenchmarkingChatClient 1089019958 (in milliseconds):

4248
4137
4126
4112
4035
4034
3997
3974
3900
3884
3881
3827
3824
3772
3768
3763
3446
3307
3059
2977
2743
2519
2400
2252
2104
1911
1794
1640
1497
1361
1234
1214
1068
909
799
585
439
308
534
441
133
Round Trip Times for BenchmarkingChatClient 834544588 (in milliseconds):

Round Trip Times for BenchmarkingChatClient 193819381 (in milliseconds):

5654
5610
5297
5232
5074
4883
4710
4589
4467
4678
4563
4419
4296
4094
3987
4211
4066
3905
3797
3648
3536
3249
3111
2870
2785
2546
2458
2214
2063
1913
7417
7297
7144
6987
6872
6726
6607
6456
544
181
161
202
116
266
319
310
210
258
301
Round Trip Times for BenchmarkingChatClient 1283947309 (in milliseconds):

512
357
213
203
209
137
271
3851
3731
3627
3473
3363
3213
3061
2937
2782
2657
2518
2460
2379
2227
2070
1939
1794
1629
1477
1336
1210
990
881
729
581
353
255
305
321
111
131
197
218
162
217
197
259
212
214
148
79
198
Round Trip Times for BenchmarkingChatClient 675641732 (in milliseconds):

440
415
295
206
268
284
240
261
256
252
263
282
300
257
262
308
335
302
129
178
294
192
299
316
269
325
322
347
297
203
55
188
215
215
265
264
264
270
303
358
398
311
192
67
159
140
86
81
79
Round Trip Times for BenchmarkingChatClient 924363915 (in milliseconds):

678
538
489
392
170
213
221
261
120
3972
3835
3682
3563
3434
3308
3432
3286
3175
2966
2816
2689
2531
2397
2181
2059
1950
1790
1675
1530
1380
1257
1102
977
838
718
600
447
291
161
470
304
260
343
237
259
301
368
333
104
Round Trip Times for BenchmarkingChatClient 1998868851 (in milliseconds):

Round Trip Times for BenchmarkingChatClient 831604572 (in milliseconds):

120
267
132
232
265
331
321
269
330
337
374
409
298
270
303
274
276
279
269
191
253
258
279
152
299
281
249
294
281
137
189
209
161
221
224
100
174
180
173
194
196
168
167
170
110
151
162
193
198
Round Trip Times for BenchmarkingChatClient 101968722 (in milliseconds):

180
163
154
169
129
166
169
168
166
167
167
167
211
179
91
167
204
207
173
184
142
127
130
126
189
128
171
172
129
125
214
242
159
48
98
132
167
167
167
168
168
168
200
260
268
314
314
304
353
Round Trip Times for BenchmarkingChatClient 1512073698 (in milliseconds):

2392
2341
2245
2188
2105
2020
1938
1854
1695
1613
1528
1439
1359
1281
1199
1114
992
910
827
744
660
575
493
409
370
294
211
127
80
68
60
112
109
164
167
83
89
148
189
171
128
127
163
164
167
166
168
171
Round Trip Times for BenchmarkingChatClient 1087658076 (in milliseconds):

Round Trip Times for BenchmarkingChatClient 732589258 (in milliseconds):

462
293
157
419
413
325
386
273
172
210
132
216
333
318
221
280
230
96
211
211
268
202
154
229
144
223
405
390
265
269
265
314
275
209
251
296
316
235
270
300
141
170
202
292
277
271
295
268
329
Round Trip Times for BenchmarkingChatClient 1134579132 (in milliseconds):

224
215
148
195
103
188
94
159
145
133
281
302
297
288
296
311
310
299
277
300
370
205
295
330
306
267
292
264
270
269
266
301
252
223
202
98
84
71
66
121
119
176
120
209
270
227
408
324
319
Round Trip Times for BenchmarkingChatClient 539828380 (in milliseconds):

456
414
294
198
271
281
229
260
255
205
85
111
59
67
70
122
77
76
189
190
132
133
93
90
86
84
85
181
178
175
170
222
221
Round Trip Times for BenchmarkingChatClient 947757935 (in milliseconds):

Round Trip Times for BenchmarkingChatClient 964923303 (in milliseconds):

2275
2275
2272
2268
2261
2260
2164
2099
2084
2079
2077
1992
1987
2077
2074
2068
2066
2020
2018
2012
1913
1895
1778
1772
1769
1764
1761
1755
1750
1695
1692
1686
1683
1941
1939
1928
1794
1733
1672
1391
1248
1100
916
795
865
923
798
389
Round Trip Times for BenchmarkingChatClient 1378029804 (in milliseconds):

Round Trip Times for BenchmarkingChatClient 678337630 (in milliseconds):

9386
9385
9052
8810
5843
5842
5842
5776
5773
5772
292
293
317
1370
1167
1088
943
766
556
412
263
280
142
179
145
201
168
56
95
168
177
168
83
125
95
158
191
167
168
171
188
189
172
167
129
106
134
130
164
Round Trip Times for BenchmarkingChatClient 1093431741 (in milliseconds):

5707
519
268
209
208
155
161
178
179
178
301
302
304
304
305
365
362
362
362
360
327
392
392
364
364
364
364
365
503
432
432
479
417
417
414
414
Round Trip Times for BenchmarkingChatClient 1285143097 (in milliseconds):

114
126
2733
2621
2474
2324
2192
2083
1931
1813
1591
1507
1392
1266
1181
1040
910
696
646
497
351
2890
2773
2581
2334
2170
2173
4655
4519
4401
4243
4122
3975
3919
3917
3835
3831
3831
3705
3706
3634
3638
502
407
288
138
187
213
103
Round Trip Times for BenchmarkingChatClient 159781790 (in milliseconds):

508
461
320
208
227
300
310
285
379
419
220
261
288
261
244
279
289
134
10760
10576
10355
10206
10099
9895
9750
9620
9462
9327
9112
8992
8879
8800
8680
8537
8385
8371
8366
8328
8318
5752
5603
2766
Round Trip Times for BenchmarkingChatClient 1415758496 (in milliseconds):

Round Trip Times for BenchmarkingChatClient 1733410516 (in milliseconds):

1564
1282
607
607
606
606
606
605
604
642
641
642
671
670
755
695
781
782
782
782
781
648
648
647
647
647
646
646
645
552
549
536
535
534
3337
3335
Round Trip Times for BenchmarkingChatClient 664478831 (in milliseconds):

140
131
160
129
170
167
170
87
91
91
163
168
168
167
167
168
246
205
127
166
208
212
175
186
138
165
173
129
189
128
167
126
136
168
206
231
198
181
172
170
169
168
170
169
167
167
292
269
343
Round Trip Times for BenchmarkingChatClient 307440445 (in milliseconds):

1907
1853
1802
1719
1635
1476
1392
1309
1229
1146
1062
977
889
763
681
597
514
430
346
263
179
95
81
83
126
216
205
135
122
126
127
127
130
93
122
166
167
167
168
167
169
169
168
172
174
189
185
172
171
Round Trip Times for BenchmarkingChatClient 348954263 (in milliseconds):

Round Trip Times for BenchmarkingChatClient 1875454751 (in milliseconds):

Round Trip Times for BenchmarkingChatClient 1033978474 (in milliseconds):

Round Trip Times for BenchmarkingChatClient 577499566 (in milliseconds):

2871
2709
2580
2501
2261
2133
2016
1935
1798
1680
1524
1404
1258
1110
984
845
734
568
429
276
225
414
325
2702
2560
2483
2271
2082
1946
1751
1695
1542
1390
1290
1128
1010
896
743
589
477
284
239
210
212
265
191
127
115
232
Round Trip Times for BenchmarkingChatClient 1204501611 (in milliseconds):

ERROR - COULD NOT WRITE RTT TO FILE
Round Trip Times for BenchmarkingChatClient 1521829443 (in milliseconds):

3017
2903
2695
2505
Round Trip Times for BenchmarkingChatClient 1786753005 (in milliseconds):

985
912
733
616
471
3908
3578
3041
2334
2333
2228
2227
2173
2097
350
350
351
350
351
350
353
373
373
372
372
371
305
305
305
185
283
282
281
268
379
183
193
193
Round Trip Times for BenchmarkingChatClient 1093741097 (in milliseconds):

Round Trip Times for BenchmarkingChatClient 1169390211 (in milliseconds):

1258
971
763
608
349
231
222
Round Trip Times for BenchmarkingChatClient 616460501 (in milliseconds):

204
255
281
281
444
270
268
269
268
268
268
267
267
306
306
305
306
306
306
306
309
167
167
163
112
112
112
Round Trip Times for BenchmarkingChatClient 67047829 (in milliseconds):

295
335
208
515
533
353
242
168
149
294
313
296
270
284
276
267
301
258
Round Trip Times for BenchmarkingChatClient 1912136191 (in milliseconds):

Round Trip Times for BenchmarkingChatClient 1014943148 (in milliseconds):

520
174
336
319
161
280
636
476
417
441
329
355
205
329
2324
2256
4616
4499
4344
4189
4056
3912
3747
3594
3452
3175
3058
2909
2788
2638
2429
2362
2212
2111
1919
1791
1672
1515
1381
1261
1115
995
848
702
573
434
330
158
320
Round Trip Times for BenchmarkingChatClient 2114842858 (in milliseconds):

Round Trip Times for BenchmarkingChatClient 1487434796 (in milliseconds):

328
824
625
646
442
395
377
272
152
140
222
186
Round Trip Times for BenchmarkingChatClient 216817822 (in milliseconds):

Round Trip Times for BenchmarkingChatClient 304074581 (in milliseconds):

193
250
249
263
280
273
296
266
256
156
87
124
286
319
327
256
207
300
271
276
358
322
220
215
262
308
370
284
240
294
342
313
226
173
206
215
216
166
122
125
204
204
167
172
196
192
168
167
167
Round Trip Times for BenchmarkingChatClient 1020261532 (in milliseconds):

260
209
291
220
147
142
Round Trip Times for BenchmarkingChatClient 2037456933 (in milliseconds):

117
347
364
171
361
286
232
263
255
253
268
283
296
258
263
312
277
300
299
287
293
305
309
295
322
394
354
355
220
158
313
235
234
267
ERROR - COULD NOT WRITE RTT TO FILE
Round Trip Times for BenchmarkingChatClient 442672635 (in milliseconds):

Round Trip Times for BenchmarkingChatClient 1514862905 (in milliseconds):

1060
838
Round Trip Times for BenchmarkingChatClient 615285802 (in milliseconds):

8041
7916
7796
7640
7521
7336
7263
7144
7019
6875
6755
6623
6670
6510
6367
6241
6151
5990
5813
5672
5518
5386
5274
5133
4962
4580
4423
4222
4103
3957
3811
3790
3635
Round Trip Times for BenchmarkingChatClient 1398977247 (in milliseconds):

4815
2770
2769
2766
2766
2628
2627
2613
2612
5630
5631
5444
5445
5444
5445
5445
5444
5309
5309
5310
5309
5309
5367
5367
250
217
81
93
181
221
84
138
94
123
189
199
82
91
94
194
194
166
194
202
172
83
90
146
187
Round Trip Times for BenchmarkingChatClient 794248868 (in milliseconds):

580
593
257
ERROR - COULD NOT WRITE RTT TO FILE
Round Trip Times for BenchmarkingChatClient 1543581231 (in milliseconds):

Round Trip Times for BenchmarkingChatClient 492189246 (in milliseconds):

438
315
296
202
155
285
139
116
123
135
199
287
270
255
211
254
322
364
394
238
279
298
304
290
265
519
366
275
164
113
262
286
268
295
263
281
272
266
301
257
223
249
266
284
294
193
58
326
170
65
Round Trip Times for BenchmarkingChatClient 529108599 (in milliseconds):

658
491
7819
7527
61
49
146
161
168
269
315
290
269
181
53
156
199
194
61
332
153
274
326
199
211
344
194
132
227
294
305
273
301
271
305
364
284
236
474
350
175
146
139
199
230
227
181
158
162
