Round Trip Times for BenchmarkingChatClient 1058684915 (in milliseconds):

651
601
519
488
405
322
238
154
254
291
257
213
205
147
151
51
95
90
88
267
264
259
255
262
219
90
60
47
92
148
218
293
297
227
250
207
204
124
203
194
Round Trip Times for BenchmarkingChatClient 2056032468 (in milliseconds):

100
186
104
153
275
309
260
194
180
211
211
70
63
60
71
50
47
45
44
15
152
226
221
222
222
140
337
334
293
288
222
222
222
215
213
134
130
125
123
124
124
119
115
Round Trip Times for BenchmarkingChatClient 411363921 (in milliseconds):

562
518
500
457
456
452
451
492
453
448
441
Round Trip Times for BenchmarkingChatClient 1619316898 (in milliseconds):

125
288
287
285
295
315
104
138
309
188
166
164
166
83
83
116
54
90
122
123
165
166
168
168
168
166
167
84
90
128
165
126
126
164
165
131
119
126
124
168
168
168
125
126
127
128
127
127
165
Round Trip Times for BenchmarkingChatClient 1339734086 (in milliseconds):

776
728
650
567
483
399
316
197
111
146
156
131
241
212
203
356
218
140
308
190
166
169
132
130
87
86
82
80
78
76
73
74
70
Round Trip Times for BenchmarkingChatClient 1756429105 (in milliseconds):

Round Trip Times for BenchmarkingChatClient 589617093 (in milliseconds):

417
408
408
376
299
299
298
292
370
218
209
206
210
210
158
157
156
198
356
352
394
355
354
355
355
351
343
265
257
256
250
249
248
248
298
294
216
212
250
247
184
84
94
90
126
127
182
187
170
Round Trip Times for BenchmarkingChatClient 1884483494 (in milliseconds):

203
249
126
102
289
204
282
279
279
353
352
353
361
360
359
359
358
346
345
344
339
339
310
308
349
327
325
322
248
242
240
253
297
296
294
292
291
289
287
285
284
282
267
266
190
181
132
