Round Trip Times for BenchmarkingChatClient 2057270864 (in milliseconds):

Round Trip Times for BenchmarkingChatClient 2089442852 (in milliseconds):

1268
1238
1215
530
514
575
520
521
1393
2240
2240
2064
1965
976
977
976
712
452
287
380
236
246
253
397
391
1863
1679
1445
1236
896
784
549
414
340
418
1338
286
237
444
421
821
583
418
460
485
529
442
302
723
Round Trip Times for BenchmarkingChatClient 1397557787 (in milliseconds):

6730
6569
6429
6274
6135
5983
5847
5692
5546
5441
5291
5145
4987
4846
4721
4542
4393
4312
4163
4021
3861
3722
3574
3403
3271
3115
2975
2829
2691
2566
2387
2241
2093
1943
1734
1569
1423
1273
1130
979
829
659
504
321
431
427
376
596
531
Round Trip Times for BenchmarkingChatClient 1649360165 (in milliseconds):

872
794
791
584
534
457
370
435
370
617
608
456
453
149
440
408
198
235
540
542
374
267
439
562
456
956
821
629
597
426
368
279
452
413
169
346
478
575
465
167
274
449
520
2428
2212
2080
Round Trip Times for BenchmarkingChatClient 207107286 (in milliseconds):

Round Trip Times for BenchmarkingChatClient 393062029 (in milliseconds):

468
302
395
314
260
235
281
589
522
553
1628
449
505
497
417
290
325
241
236
289
342
480
560
400
316
68
281
176
222
177
237
279
284
299
289
383
351
272
135
193
322
359
305
300
302
299
293
299
308
Round Trip Times for BenchmarkingChatClient 557611260 (in milliseconds):

1995
317
336
368
270
471
452
368
523
737
473
2084
1764
285
366
309
233
246
317
1288
1034
765
1656
1445
1327
1225
1106
1383
1208
975
877
809
662
611
491
433
297
317
229
231
290
344
480
560
362
Round Trip Times for BenchmarkingChatClient 821134490 (in milliseconds):

ERROR - COULD NOT WRITE RTT TO FILE
Round Trip Times for BenchmarkingChatClient 1075490917 (in milliseconds):

361
331
488
476
713
729
545
5099
5098
4825
2365
2377
2376
2376
2500
2500
757
756
754
727
726
726
726
726
726
726
725
413
529
530
527
527
620
700
583
583
583
582
927
926
877
878
877
971
829
609
366
485
429
Round Trip Times for BenchmarkingChatClient 1499599782 (in milliseconds):

Round Trip Times for BenchmarkingChatClient 1183069070 (in milliseconds):

493
375
313
2501
2496
2294
2049
1847
1683
2889
2675
2463
2280
2043
1885
1495
1364
2786
2631
2416
2186
2026
1891
1678
1500
1345
1211
1000
843
767
2004
1788
1528
286
687
777
424
390
378
372
434
274
206
152
149
487
318
255
151
Round Trip Times for BenchmarkingChatClient 677800660 (in milliseconds):

1358
1183
1048
923
362
2653
274
1150
1029
787
607
397
404
601
876
558
252
284
288
425
371
393
446
423
496
609
689
997
297
612
340
362
517
438
195
351
445
360
287
456
459
313
432
472
347
344
303
291
300
Round Trip Times for BenchmarkingChatClient 430710841 (in milliseconds):

508
2278
2075
2074
2074
743
743
742
742
387
660
480
426
429
299
264
215
285
215
162
286
271
364
303
406
359
264
155
171
150
293
278
198
167
151
147
423
365
322
318
334
352
366
254
258
137
88
Round Trip Times for BenchmarkingChatClient 937217808 (in milliseconds):

400
208
209
421
435
691
543
366
135
303
294
312
320
243
431
460
485
499
265
332
699
714
412
251
430
459
345
790
1115
499
519
530
274
318
448
320
452
602
795
353
2334
1373
395
506
739
707
551
644
423
Round Trip Times for BenchmarkingChatClient 939726349 (in milliseconds):

Round Trip Times for BenchmarkingChatClient 902698316 (in milliseconds):

588
402
367
228
2268
2260
2004
1813
1577
341
317
904
663
531
463
396
432
325
1973
1840
1070
621
443
598
527
521
439
360
353
350
355
331
448
455
439
290
413
332
243
411
395
285
298
289
376
351
387
321
248
Round Trip Times for BenchmarkingChatClient 1193072284 (in milliseconds):

579
399
448
246
405
454
429
330
282
294
312
318
314
154
384
282
455
250
443
582
779
647
657
342
457
291
456
423
505
542
713
679
440
271
208
191
215
213
166
181
259
238
253
458
432
276
316
Round Trip Times for BenchmarkingChatClient 1570872600 (in milliseconds):

Round Trip Times for BenchmarkingChatClient 1208508149 (in milliseconds):

1679
423
422
422
421
422
421
448
503
2160
3580
3580
3579
3580
3579
3579
2326
2105
1920
1481
1442
1218
1033
893
677
460
308
345
394
2067
1894
1710
1551
1389
1133
920
767
541
552
461
468
291
532
593
427
532
440
350
351
Round Trip Times for BenchmarkingChatClient 916960423 (in milliseconds):

2567
2473
2336
2189
2035
1809
1560
1303
1223
848
865
628
476
320
417
409
298
243
386
172
242
371
288
514
565
290
365
502
526
489
338
1582
888
578
372
361
341
455
244
1971
1883
494
1814
288
296
266
1896
1771
Round Trip Times for BenchmarkingChatClient 1616554889 (in milliseconds):

397
233
170
151
213
178
177
174
250
313
185
158
229
354
386
420
428
404
353
241
451
476
456
759
791
655
341
326
376
296
438
348
364
250
370
251
497
422
354
417
316
375
324
211
164
160
Round Trip Times for BenchmarkingChatClient 1065944211 (in milliseconds):

1828
1757
1447
1312
1455
1289
1153
1005
857
734
489
333
469
407
431
481
319
297
249
247
221
140
162
78
ERROR - COULD NOT WRITE RTT TO FILE
Round Trip Times for BenchmarkingChatClient 1645180728 (in milliseconds):

4215
4169
4029
3890
3728
3590
3443
3271
3189
3032
2891
2740
2593
2472
2290
2141
1999
2061
1877
1728
1568
1418
1274
1125
975
805
651
403
462
386
664
486
418
283
331
158
150
394
244
367
280
352
290
333
337
425
459
385
Round Trip Times for BenchmarkingChatClient 701982039 (in milliseconds):

Round Trip Times for BenchmarkingChatClient 1170128881 (in milliseconds):

2108
1998
1761
1534
1386
1156
946
679
698
1582
1261
994
725
659
603
369
354
368
298
363
425
330
349
270
442
452
198
289
418
331
234
415
390
286
301
287
376
210
164
319
355
325
299
302
301
304
300
291
299
Round Trip Times for BenchmarkingChatClient 1617413183 (in milliseconds):

9237
9310
9172
9005
8867
8717
8572
8345
8104
8002
9721
9348
9217
8922
8779
10516
10307
10176
9932
9795
11252
11096
10802
10577
10441
10245
9966
9672
9535
9358
8991
8873
8695
8317
8148
7883
7689
7534
7270
7033
7051
6859
6729
6570
6262
6047
3889
Round Trip Times for BenchmarkingChatClient 1701208258 (in milliseconds):

348
793
677
584
695
824
791
510
546
1755
1547
1395
1290
1091
939
708
582
629
1853
1642
1439
1079
804
632
553
660
497
393
424
607
652
426
531
438
370
352
371
354
290
458
456
280
429
322
352
177
224
288
289
Round Trip Times for BenchmarkingChatClient 340213322 (in milliseconds):

443
575
3923
3633
3343
3110
2967
2785
2625
648
429
2404
2296
2161
1820
1677
1239
1239
866
865
865
865
890
768
599
827
827
3237
1716
575
576
576
575
576
575
575
575
517
516
516
Round Trip Times for BenchmarkingChatClient 500929232 (in milliseconds):

488
528
419
666
ERROR - COULD NOT WRITE RTT TO FILE
Round Trip Times for BenchmarkingChatClient 825022919 (in milliseconds):

Round Trip Times for BenchmarkingChatClient 808972647 (in milliseconds):

1219
793
550
400
293
336
390
368
283
432
402
445
448
424
430
315
762
428
417
364
385
633
405
462
322
295
131
344
436
373
292
134
206
457
387
348
67
280
231
325
301
290
299
310
315
355
342
412
448
Round Trip Times for BenchmarkingChatClient 1092208982 (in milliseconds):

1414
1330
1243
1075
939
788
641
414
399
180
391
189
392
254
482
425
329
282
296
308
313
317
154
444
262
282
240
334
543
346
595
646
340
468
291
367
422
328
428
488
581
467
ERROR - COULD NOT WRITE RTT TO FILE
Round Trip Times for BenchmarkingChatClient 1791080562 (in milliseconds):

290
609
530
471
395
359
472
454
171
102
105
104
18
23
261
550
710
460
459
381
330
338
307
315
325
238
236
213
190
291
325
322
441
290
286
381
310
296
332
226
383
326
414
409
467
318
Round Trip Times for BenchmarkingChatClient 1010091711 (in milliseconds):

Round Trip Times for BenchmarkingChatClient 248371495 (in milliseconds):

Round Trip Times for BenchmarkingChatClient 1758311409 (in milliseconds):

2375
1993
1258
979
826
579
448
392
1504
2965
1674
1523
312
502
293
364
368
294
366
295
226
361
340
448
494
220
293
129
273
71
262
301
154
276
293
201
346
343
276
137
194
262
214
212
301
300
303
300
292
Round Trip Times for BenchmarkingChatClient 649805628 (in milliseconds):

549
446
428
281
1530
3003
2403
798
314
238
341
398
1385
1118
276
ERROR - COULD NOT WRITE RTT TO FILE
Round Trip Times for BenchmarkingChatClient 72272792 (in milliseconds):

180
320
420
510
597
414
346
469
318
559
735
598
420
478
613
549
358
273
728
735
422
321
233
360
1991
2002
1767
1681
1656
1529
1512
1395
1350
1344
1318
1262
1216
1211
1238
1216
769
769
356
185
203
285
337
454
338
Round Trip Times for BenchmarkingChatClient 50642129 (in milliseconds):

Round Trip Times for BenchmarkingChatClient 1832772570 (in milliseconds):

372
325
309
466
394
403
1411
1207
1079
730
527
347
236
448
1171
1809
1593
1335
1123
886
702
556
586
452
305
581
573
359
529
440
343
233
267
299
318
232
238
135
347
453
345
441
342
245
408
395
289
295
289
Round Trip Times for BenchmarkingChatClient 2075850909 (in milliseconds):

470
425
1807
1572
1408
1248
1170
1008
819
894
740
630
569
1013
1183
1030
788
823
788
422
393
370
369
1123
157
256
353
352
661
490
494
423
644
487
457
624
579
543
518
429
366
348
284
298
260
163
Round Trip Times for BenchmarkingChatClient 711931814 (in milliseconds):

1383
1319
1179
1016
929
496
490
540
556
600
537
592
392
2912
2717
2369
2080
1800
1657
1505
1139
764
689
557
2393
2084
1075
609
1270
1165
997
917
Round Trip Times for BenchmarkingChatClient 932738385 (in milliseconds):

4257
4098
4010
3909
3739
3703
3696
3499
3302
2989
2849
2751
2734
2664
507
507
788
548
627
423
1135
954
1816
768
768
2254
2176
2176
1854
1496
1179
1088
798
980
771
529
213
360
337
287
325
390
321
283
458
459
313
289
415
Round Trip Times for BenchmarkingChatClient 959602976 (in milliseconds):

755
715
469
466
474
3509
3246
2973
2762
2498
2420
2288
2130
1823
1605
1365
2721
2522
2360
2096
1894
3866
3566
3359
2937
2685
2495
2341
2333
2313
2210
2207
2412
2336
2316
2313
2228
2119
2077
2042
2040
1542
1559
1385
1167
929
767
513
349
Round Trip Times for BenchmarkingChatClient 279658070 (in milliseconds):

792
507
1791
1422
764
369
185
258
313
404
419
363
256
240
295
321
380
271
896
736
428
296
1215
982
615
445
443
463
283
589
336
360
524
439
373
431
297
71
289
342
552
522
346
178
290
237
416
384
280
Round Trip Times for BenchmarkingChatClient 2063394723 (in milliseconds):

686
5539
5538
2185
2158
446
446
285
285
285
284
ERROR - COULD NOT WRITE RTT TO FILE
Round Trip Times for BenchmarkingChatClient 788924065 (in milliseconds):

413
415
227
420
347
290
237
554
583
838
702
553
424
417
323
336
352
822
582
501
347
398
307
183
282
322
236
284
259
230
180
317
271
417
416
349
368
2127
1913
1830
639
561
470
361
650
577
606
558
600
Round Trip Times for BenchmarkingChatClient 1585162229 (in milliseconds):

219
382
494
400
363
370
325
389
452
411
388
976
912
873
697
653
653
ERROR - COULD NOT WRITE RTT TO FILE
Round Trip Times for BenchmarkingChatClient 100149549 (in milliseconds):

244
175
658
557
390
223
156
293
317
226
160
110
154
237
292
158
403
323
456
418
504
481
312
254
290
394
321
362
446
415
573
524
594
607
541
462
619
303
427
372
432
456
582
396
371
500
422
401
284
Round Trip Times for BenchmarkingChatClient 1928926655 (in milliseconds):

619
516
204
317
326
200
280
377
445
433
339
502
513
369
673
605
412
295
167
288
304
306
82
236
160
158
269
221
234
543
469
441
490
468
428
388
355
348
304
589
624
540
400
419
444
427
391
214
Round Trip Times for BenchmarkingChatClient 2099849493 (in milliseconds):

4510
4347
4217
4079
3933
3776
3525
3522
3300
3165
3015
2647
2507
2275
2086
1813
1661
1525
1385
1226
1229
1078
990
801
624
350
567
471
517
514
514
513
404
265
343
557
531
591
837
648
3358
3282
Round Trip Times for BenchmarkingChatClient 335773572 (in milliseconds):

3896
3610
3589
3400
4977
4870
4827
4635
4594
4563
4476
4457
4381
4257
4095
4040
1631
1469
1469
3024
3024
3013
3014
2690
2689
2689
2689
2689
2690
2690
2822
2822
2507
2273
2146
1988
2418
779
645
369
469
710
531
724
429
318
327
158
336
Round Trip Times for BenchmarkingChatClient 221492577 (in milliseconds):

398
336
233
208
527
526
475
474
474
496
370
369
398
297
469
464
401
634
478
502
350
298
1600
613
501
501
500
499
498
1511
1260
2949
2949
1360
1173
930
735
632
428
151
213
168
153
210
141
Round Trip Times for BenchmarkingChatClient 469575000 (in milliseconds):

314
573
662
557
422
251
345
497
675
421
161
289
158
2106
1828
1605
1452
1190
1028
839
580
630
503
272
571
356
406
205
187
1567
1409
570
393
460
1590
1480
1298
456
454
455
599
597
597
546
563
423
357
220
Round Trip Times for BenchmarkingChatClient 390650658 (in milliseconds):

374
323
406
363
225
243
349
284
455
566
536
505
424
824
671
475
348
347
256
464
472
571
466
340
182
1843
1776
1770
1671
Round Trip Times for BenchmarkingChatClient 165314222 (in milliseconds):

382
327
383
236
431
367
428
286
338
560
611
507
517
420
388
2992
2860
2619
2488
2333
2045
1874
1719
1455
1244
872
2145
ERROR - COULD NOT WRITE RTT TO FILE
Round Trip Times for BenchmarkingChatClient 1942923831 (in milliseconds):

Round Trip Times for BenchmarkingChatClient 1166491702 (in milliseconds):

585
337
2916
2866
2834
2834
2833
2832
2832
2812
2786
2787
2785
2061
1904
1893
1710
1574
1315
1009
838
500
354
602
509
299
361
348
351
332
289
297
293
282
216
459
456
439
416
349
319
303
303
294
320
204
348
344
165
Round Trip Times for BenchmarkingChatClient 422262899 (in milliseconds):

4274
4134
3937
3669
3525
3340
3180
2923
3268
5054
4924
4761
4456
4261
4131
3977
3853
3707
3454
3366
3157
2869
3003
2794
2397
816
816
816
815
815
473
473
600
456
626
548
743
641
525
340
449
305
283
351
306
344
210
322
343
Round Trip Times for BenchmarkingChatClient 920423410 (in milliseconds):

6973
7015
6874
6749
6570
6420
6276
6860
6540
6485
6343
6194
6049
5900
5889
9143
8987
8765
8613
8448
8034
7899
7630
7460
7191
7119
6992
6751
6609
6459
6313
6135
5913
5755
5477
5304
5003
4869
4572
1256
Round Trip Times for BenchmarkingChatClient 1739757240 (in milliseconds):

716
836
762
707
2736
2448
2220
1398
1185
918
678
734
684
3741
3479
3296
1130
544
406
520
442
382
711
710
362
250
351
332
282
325
340
319
345
491
465
404
175
316
324
237
416
390
289
303
284
369
347
169
318
Round Trip Times for BenchmarkingChatClient 955059846 (in milliseconds):

3259
3476
3329
3185
3029
2891
2742
2583
2287
2075
1911
1630
1466
1164
1032
1363
1099
2142
1787
1380
1298
1160
1159
1159
1159
930
927
827
827
825
825
1131
1085
1084
1083
1313
240
1155
1022
712
421
284
239
296
335
406
Round Trip Times for BenchmarkingChatClient 772419427 (in milliseconds):

2104
1967
451
573
393
471
419
342
297
339
208
163
158
873
873
710
738
499
502
1956
1820
1598
1652
1500
1287
1070
916
655
556
491
569
533
506
506
519
518
415
305
433
417
479
591
571
357
521
446
348
233
267
Round Trip Times for BenchmarkingChatClient 137377836 (in milliseconds):

1106
845
675
516
675
420
416
2661
4291
4126
3915
3709
3680
3418
3362
3308
3309
3367
2134
1907
1874
1553
527
421
365
283
423
415
680
763
431
354
442
310
619
625
575
549
526
425
202
447
297
268
278
259
204
140
195
Round Trip Times for BenchmarkingChatClient 200473648 (in milliseconds):

5156
4675
4418
2165
455
456
341
391
440
439
253
252
379
377
527
1345
1345
1344
1421
1369
1321
1271
1191
1063
1252
1178
1245
1223
1141
1283
1261
1258
1256
1228
1126
1104
1070
1004
934
884
718
Round Trip Times for BenchmarkingChatClient 977317818 (in milliseconds):

1519
1454
1313
1168
998
1034
754
508
267
583
498
825
604
600
425
4177
ERROR - COULD NOT WRITE RTT TO FILE
Round Trip Times for BenchmarkingChatClient 812904780 (in milliseconds):

3976
3872
3697
3544
3332
3191
2925
2795
2640
2495
2580
2360
2496
2427
2288
2128
2101
2054
1976
1939
1791
1710
1640
1571
1500
1483
1324
1263
1195
1463
1321
1122
907
585
3006
2825
2714
Round Trip Times for BenchmarkingChatClient 537716134 (in milliseconds):

544
387
329
489
484
589
450
952
983
847
582
5197
4956
4750
4489
4341
4158
3996
4051
3682
5306
5172
5013
4706
4490
4254
4078
4284
4071
3809
3607
3367
3206
1484
1491
Round Trip Times for BenchmarkingChatClient 1472873961 (in milliseconds):

3315
3227
2921
2798
2636
2494
2336
2199
2734
2577
2281
2061
1902
1630
1455
1353
1159
1022
808
742
742
731
613
613
1575
1292
360
2227
2227
1580
401
401
398
682
556
621
502
428
524
431
349
203
317
364
320
326
489
500
461
Round Trip Times for BenchmarkingChatClient 482173992 (in milliseconds):

546
497
607
536
813
812
812
803
667
667
667
1073
1078
1077
1077
1077
1068
1068
Round Trip Times for BenchmarkingChatClient 1406339081 (in milliseconds):

Round Trip Times for BenchmarkingChatClient 1704879438 (in milliseconds):

789
546
850
4390
4231
4031
3844
3626
3443
3205
3047
2656
2554
2468
2285
2129
1919
1701
1548
1317
1223
1077
1009
901
721
580
1900
2630
2447
2321
2121
1680
1508
1095
810
626
484
429
522
442
155
329
289
371
297
285
458
469
194
Round Trip Times for BenchmarkingChatClient 1713915740 (in milliseconds):

763
583
646
387
631
683
780
584
332
271
3969
5510
5447
371
1660
1660
1659
1659
481
480
480
479
479
479
478
463
463
462
964
973
973
590
424
421
532
284
209
300
344
299
288
242
322
320
331
327
436
486
331
Round Trip Times for BenchmarkingChatClient 209038283 (in milliseconds):

2145
2003
1618
1487
1170
923
713
339
502
526
817
817
633
502
470
2056
1869
1864
1864
Round Trip Times for BenchmarkingChatClient 946211285 (in milliseconds):

710
747
767
660
2121
1916
1759
1772
1658
1595
1544
4817
4816
4815
4732
4731
4730
997
990
650
416
754
589
541
612
670
433
299
422
295
444
339
295
293
289
489
579
464
305
321
341
297
113
143
143
204
372
470
373
Round Trip Times for BenchmarkingChatClient 1580382267 (in milliseconds):

3532
3065
2953
2872
2821
2781
2778
2735
2682
1552
811
810
737
424
279
279
278
1167
1167
1152
2029
2029
2029
719
718
2292
2205
2293
2049
1966
1034
691
690
690
689
589
640
562
786
733
687
355
303
344
342
330
290
319
Round Trip Times for BenchmarkingChatClient 1802012171 (in milliseconds):

3173
4198
3958
3780
3587
3301
3038
2911
2616
2421
2266
1999
1806
1713
2970
2758
1520
1155
1155
805
786
565
368
1158
3399
3159
3001
2496
2238
2104
1898
1785
1767
1742
341
1074
ERROR - COULD NOT WRITE RTT TO FILE
Round Trip Times for BenchmarkingChatClient 1763005360 (in milliseconds):

723
537
630
609
747
664
439
432
735
734
734
816
572
572
3088
3089
3089
3088
3093
3093
4645
4645
4404
4404
4405
4405
4616
4616
4497
4585
4451
4451
4450
4377
4377
4054
4054
3897
Round Trip Times for BenchmarkingChatClient 1183008484 (in milliseconds):

3504
3397
2532
2531
2531
2531
2530
2743
480
333
381
470
577
631
532
520
419
602
449
332
417
316
212
257
161
139
156
260
283
204
356
301
317
223
272
182
192
188
201
156
117
187
161
148
137
120
157
Round Trip Times for BenchmarkingChatClient 466477793 (in milliseconds):

