Round Trip Times for BenchmarkingChatClient 488859203 (in milliseconds):

2326
2261
2191
2183
2072
1926
1892
1805
1722
1642
1562
1474
1389
1307
1190
1105
1023
900
785
666
553
422
297
362
538
403
160
240
242
266
123
213
132
208
260
157
210
263
141
208
93
Round Trip Times for BenchmarkingChatClient 1001155057 (in milliseconds):

Round Trip Times for BenchmarkingChatClient 979057581 (in milliseconds):

Round Trip Times for BenchmarkingChatClient 420072494 (in milliseconds):

135
92
91
147
183
196
156
167
169
171
177
135
160
248
296
263
264
270
294
263
266
269
213
103
170
203
84
94
94
127
117
160
131
162
173
230
269
237
226
255
265
247
3090
Round Trip Times for BenchmarkingChatClient 435654492 (in milliseconds):

Round Trip Times for BenchmarkingChatClient 19796137 (in milliseconds):

1921
1767
1608
1608
1607
1607
1606
1606
1606
1606
1401
1005
580
468
328
209
341
271
153
108
114
280
299
347
297
263
289
151
164
1567
1514
1369
1214
1083
911
730
523
478
309
190
Round Trip Times for BenchmarkingChatClient 1710565684 (in milliseconds):

353
325
322
320
314
188
184
178
176
172
153
151
150
89
112
136
3819
3683
3513
3335
3143
3074
2933
2856
1433
1394
206
977
221
171
168
168
167
167
167
84
90
189
184
166
167
169
168
167
168
168
168
85
92
Round Trip Times for BenchmarkingChatClient 1647886908 (in milliseconds):

762
607
545
ERROR - COULD NOT WRITE RTT TO FILE
Round Trip Times for BenchmarkingChatClient 765284582 (in milliseconds):

358
315
459
405
163
169
168
438
438
228
229
4513
4512
4508
4411
4410
4410
4502
4379
4377
4364
4312
4303
2709
2708
2708
2704
2704
1861
1795
1794
1794
1794
1793
1793
1793
1792
1793
1732
1732
1797
1797
1797
1796
566
497
357
175
349
Round Trip Times for BenchmarkingChatClient 1573503562 (in milliseconds):

71
118
109
231
163
209
148
145
140
139
24
31
24
3091
5195
4958
4900
4898
4895
4897
4642
4562
4429
4413
4360
4357
4349
4247
4247
4244
3971
6248
6248
6113
6102
3827
1332
1240
1234
1143
339
338
339
326
143
143
228
134
47
Round Trip Times for BenchmarkingChatClient 310045429 (in milliseconds):

Round Trip Times for BenchmarkingChatClient 1481556923 (in milliseconds):

Round Trip Times for BenchmarkingChatClient 1122078741 (in milliseconds):

3861
3608
3618
3519
3514
3510
3507
3499
3429
3389
3384
3304
3295
219
219
200
201
145
145
214
294
91
3138
2964
3006
2848
2691
2568
2426
2310
2132
2009
1896
1737
1600
1468
1293
1200
1049
900
774
622
506
363
208
202
169
263
323
Round Trip Times for BenchmarkingChatClient 1472783509 (in milliseconds):

218
132
395
379
329
327
234
229
336
335
256
256
95
214
226
291
ERROR - COULD NOT WRITE RTT TO FILE
Round Trip Times for BenchmarkingChatClient 1291260491 (in milliseconds):

2618
2565
2459
2333
2251
2166
2083
1996
1906
1820
1733
1637
1549
1461
1380
1298
1206
1117
1035
957
833
745
665
581
504
425
345
261
170
150
70
98
53
87
87
212
185
66
138
192
148
151
149
118
120
119
160
130
48
Round Trip Times for BenchmarkingChatClient 831763242 (in milliseconds):

Round Trip Times for BenchmarkingChatClient 1469840348 (in milliseconds):

323
309
248
184
175
168
167
180
153
151
143
191
148
145
364
400
316
321
361
354
346
344
339
337
302
299
344
281
270
268
263
262
257
222
209
207
199
197
158
203
194
181
260
263
207
126
43
88
89
Round Trip Times for BenchmarkingChatClient 108930842 (in milliseconds):

Round Trip Times for BenchmarkingChatClient 2069819732 (in milliseconds):

1760
1657
1491
1440
1271
1140
1005
836
687
561
439
290
166
161
250
221
123
2232
2095
1953
1790
1655
1485
1412
1292
1157
1008
889
740
585
453
291
96
220
255
271
239
176
173
170
91
87
169
186
246
228
80
92
92
Round Trip Times for BenchmarkingChatClient 814828764 (in milliseconds):

2925
2828
2758
2711
2710
2697
2694
2588
2576
2374
2360
2353
2353
2351
2196
2193
2193
2193
2184
2181
2181
2179
2177
ERROR - COULD NOT WRITE RTT TO FILE
Round Trip Times for BenchmarkingChatClient 1099444624 (in milliseconds):

296
553
390
380
494
492
266
265
55
54
153
153
124
124
4313
4154
3972
3861
3825
3814
3812
3807
3805
3801
3798
3795
3793
3791
3789
3787
3786
3784
3782
3665
3660
3656
3649
3631
3628
3613
279
273
260
258
259
269
191
168
174
Round Trip Times for BenchmarkingChatClient 261166846 (in milliseconds):

418
702
500
264
206
59
157
206
204
59
154
275
284
134
126
210
301
287
296
358
295
104
154
265
203
86
68
14
14
13
45
64
60
61
105
104
28
3012
3001
2995
2990
274
207
300
300
Round Trip Times for BenchmarkingChatClient 979167677 (in milliseconds):

Round Trip Times for BenchmarkingChatClient 1170784008 (in milliseconds):

137
124
133
86
186
195
123
135
168
84
96
133
178
95
132
227
268
169
52
163
210
294
267
261
266
266
267
177
131
120
165
164
169
171
197
193
81
94
231
233
226
255
262
306
555
364
Round Trip Times for BenchmarkingChatClient 1099823913 (in milliseconds):

Round Trip Times for BenchmarkingChatClient 704288187 (in milliseconds):

3284
3235
3129
3017
298
298
298
297
297
790
790
791
790
213
262
269
272
230
134
51
96
136
131
47
89
134
136
47
153
124
88
132
124
164
125
165
126
169
174
175
171
168
168
168
127
168
127
153
168
Round Trip Times for BenchmarkingChatClient 886979299 (in milliseconds):

527
478
222
206
71
200
266
171
136
132
144
184
178
167
168
131
209
151
112
204
241
231
228
244
258
126
206
366
542
407
212
73
331
258
201
207
65
261
177
147
81
127
223
231
109
225
267
290
300
Round Trip Times for BenchmarkingChatClient 1281230 (in milliseconds):

1013
970
917
835
738
652
572
484
399
312
228
146
143
174
255
240
77
67
61
410
Round Trip Times for BenchmarkingChatClient 1766228824 (in milliseconds):

Round Trip Times for BenchmarkingChatClient 1441315654 (in milliseconds):

260
242
207
64
154
198
357
328
187
205
265
292
257
325
387
347
281
261
307
280
264
270
295
287
224
261
298
267
305
263
241
297
205
57
128
208
196
93
123
216
253
260
268
322
268
238
415
288
217
Round Trip Times for BenchmarkingChatClient 842956991 (in milliseconds):

60
53
88
204
78
66
209
269
295
263
263
266
212
103
70
170
205
137
121
169
175
167
80
100
95
135
247
277
232
211
245
296
186
556
637
325
273
306
258
88
117
215
209
208
257
212
66
155
235
Round Trip Times for BenchmarkingChatClient 1461870935 (in milliseconds):

125
77
114
111
101
100
99
94
95
92
88
87
90
102
104
103
130
131
129
123
124
115
111
111
104
144
143
137
127
125
175
173
171
171
183
192
189
89
117
562
411
258
143
211
153
59
173
204
130
Round Trip Times for BenchmarkingChatClient 304854301 (in milliseconds):

Round Trip Times for BenchmarkingChatClient 137347083 (in milliseconds):

Round Trip Times for BenchmarkingChatClient 1993738355 (in milliseconds):

4689
3956
259
259
258
258
258
258
257
257
257
252
242
756
755
755
755
682
681
682
795
794
794
794
794
774
646
841
834
322
115
116
217
217
298
298
261
193
101
Round Trip Times for BenchmarkingChatClient 1558749283 (in milliseconds):

4425
4351
4208
4062
3940
3790
3672
3588
3465
3357
3263
3180
3096
3013
2987
2904
2811
2834
2747
2660
2522
2410
2291
2199
2046
1905
1782
1405
63
90
162
Round Trip Times for BenchmarkingChatClient 1777280041 (in milliseconds):

2117
2110
5141
5076
4931
4825
4826
4710
4712
4453
4318
4198
4043
3928
3772
3629
3620
3616
3613
3523
3518
3511
3509
3511
3509
3503
3502
3409
3414
29
174
167
90
89
86
87
17
118
118
259
259
255
252
260
97
1274
1139
311
331
Round Trip Times for BenchmarkingChatClient 1092745894 (in milliseconds):

Round Trip Times for BenchmarkingChatClient 2133525357 (in milliseconds):

4762
4625
215
213
1343
1342
1349
1305
1305
1305
1305
1293
1293
1294
1295
1294
1247
1246
1248
1153
80
164
215
214
201
140
138
137
381
380
339
316
227
84
125
89
96
164
160
80
88
195
190
126
164
168
168
168
168
Round Trip Times for BenchmarkingChatClient 1986873403 (in milliseconds):

333
283
359
220
3713
3592
3391
3261
3124
2978
2820
2773
2605
2423
2230
2113
1954
1811
2969
2769
2587
2400
2200
2090
1940
1821
1678
1521
1385
1300
307
Round Trip Times for BenchmarkingChatClient 1879697770 (in milliseconds):

548
485
396
309
202
117
89
92
90
168
172
89
92
131
185
232
140
133
172
176
176
173
94
132
171
87
95
131
164
125
45
96
137
175
168
154
192
83
92
136
166
80
88
92
223
233
270
229
124
Round Trip Times for BenchmarkingChatClient 478299978 (in milliseconds):

Round Trip Times for BenchmarkingChatClient 120031867 (in milliseconds):

4126
4301
4146
4093
4244
4236
4183
4104
3884
3658
3487
3364
3207
3091
2936
2790
2570
2463
2314
2197
2174
2030
1955
1738
1563
1383
1283
1117
1096
972
830
707
655
626
545
481
404
276
199
207
190
205
261
266
257
295
277
264
259
Round Trip Times for BenchmarkingChatClient 136341103 (in milliseconds):

4753
4705
4621
4540
4423
4274
6068
5914
5763
5649
5495
5374
5230
5112
5045
4962
4876
4953
4871
4786
4697
4586
4502
4416
4342
4223
4105
4152
4006
3865
5482
5108
4858
4707
4578
4407
2306
Round Trip Times for BenchmarkingChatClient 676470770 (in milliseconds):

Round Trip Times for BenchmarkingChatClient 472647731 (in milliseconds):

4909
4639
4282
4276
4163
4015
4028
3914
3809
3672
3550
3526
3412
3255
3110
2886
2778
2632
2512
2357
2212
2226
2020
1836
1650
1549
1395
Round Trip Times for BenchmarkingChatClient 984417856 (in milliseconds):

4756
5000
809
274
274
273
272
271
270
Round Trip Times for BenchmarkingChatClient 2113841060 (in milliseconds):

1044
998
910
967
882
747
606
467
312
187
226
258
162
263
213
154
109
1736
1519
1346
1165
1056
903
744
621
477
358
3233
3112
2906
2905
2837
2837
2706
ERROR - COULD NOT WRITE RTT TO FILE
Round Trip Times for BenchmarkingChatClient 1316981978 (in milliseconds):

2150
2127
1955
1815
2620
2538
2540
2540
2540
2384
2385
2392
2391
2388
2461
2350
2287
2413
2411
2303
2279
2279
2279
2278
2278
2216
2216
2215
4919
4867
4867
4866
4782
4782
4775
4775
4665
4654
4649
4568
4565
4561
4512
4507
4501
4677
Round Trip Times for BenchmarkingChatClient 1562183037 (in milliseconds):

689
614
440
206
227
4197
4196
4135
4135
4489
4476
1507
810
867
1858
1857
1857
1784
1783
1783
1782
1782
1785
1785
1784
1778
1776
1668
1668
1669
Round Trip Times for BenchmarkingChatClient 1085892722 (in milliseconds):

3441
3311
3218
2712
2559
2559
2559
2558
2400
2400
2399
2606
2606
2552
2551
2551
2638
2570
2569
1787
1786
1794
1793
1795
1792
4422
1159
143
87
107
74
95
168
168
197
264
165
136
168
168
164
160
80
88
128
169
169
85
90
Round Trip Times for BenchmarkingChatClient 1229253426 (in milliseconds):

3528
3468
3414
3412
3411
3581
3499
3499
3496
3498
3379
191
209
199
293
261
303
263
193
101
113
206
267
267
250
294
276
264
259
267
324
271
234
348
330
284
312
191
116
41
12
Round Trip Times for BenchmarkingChatClient 21398922 (in milliseconds):

Round Trip Times for BenchmarkingChatClient 1891111607 (in milliseconds):

668
439
2710
2319
5643
5423
5319
5169
5050
4891
4750
4627
4421
4237
4056
3952
3797
3635
3511
3369
3251
3078
2952
2851
2758
2622
2487
2316
2221
2067
1922
1796
1633
1529
1384
1228
1106
963
839
690
510
440
291
151
227
270
190
129
126
Round Trip Times for BenchmarkingChatClient 341277512 (in milliseconds):

2358
2283
2158
2284
2136
2008
1898
1811
1730
1655
1570
1486
1406
1306
1278
1233
1146
1009
896
5613
5514
5199
4832
4623
4616
4613
4610
4768
4695
4568
4558
4473
4406
4301
4087
4177
4116
4077
4065
395
394
Round Trip Times for BenchmarkingChatClient 440949814 (in milliseconds):

Round Trip Times for BenchmarkingChatClient 1305107882 (in milliseconds):

149
108
153
89
284
328
252
268
268
292
271
324
378
359
281
256
313
279
259
260
118
207
127
113
265
274
270
281
313
256
256
263
273
306
267
261
302
265
261
273
288
296
346
340
265
261
270
238
171
84
Round Trip Times for BenchmarkingChatClient 140997708 (in milliseconds):

3025
2975
2915
2832
2676
2557
2474
2355
2200
2047
1938
1783
1668
1576
1453
1654
1559
1723
1640
1556
1469
1389
1296
1222
1137
1049
910
799
680
966
Round Trip Times for BenchmarkingChatClient 1495948158 (in milliseconds):

916
842
834
438
385
241
280
3633
3509
3346
189
256
267
249
292
283
263
260
270
325
268
235
414
418
271
271
236
174
180
173
129
46
89
135
240
195
128
171
132
127
165
168
131
168
172
172
127
166
168
Round Trip Times for BenchmarkingChatClient 1892245908 (in milliseconds):

311
380
382
381
287
285
409
353
367
741
388
594
2555
2612
2227
2227
2226
2226
2128
2128
2129
2128
1992
1867
1721
1603
1465
1281
1183
1049
911
762
610
471
400
296
531
665
471
471
357
358
357
199
199
198
313
376
360
Round Trip Times for BenchmarkingChatClient 197449688 (in milliseconds):

Round Trip Times for BenchmarkingChatClient 770539410 (in milliseconds):

Round Trip Times for BenchmarkingChatClient 1920018014 (in milliseconds):

Round Trip Times for BenchmarkingChatClient 1499649917 (in milliseconds):

1579
1739
1570
1397
1146
1088
934
1063
909
796
488
419
338
267
334
210
197
3787
3671
3515
3400
3245
3099
2875
2770
2621
2635
2477
2333
2212
2009
1822
1637
1435
1390
1232
1153
1014
895
726
598
499
1109
974
838
772
578
464
274
