Round Trip Times for BenchmarkingChatClient 1191311854 (in milliseconds):

Round Trip Times for BenchmarkingChatClient 1634135712 (in milliseconds):

143
123
69
157
214
641
680
679
577
425
324
191
284
632
479
562
419
268
199
208
158
199
195
138
99
183
173
482
52
57
86
118
115
209
216
171
95
154
149
44
93
90
160
127
124
122
122
179
Round Trip Times for BenchmarkingChatClient 406774484 (in milliseconds):

132
86
91
91
259
270
285
257
279
295
255
222
285
208
212
113
149
145
58
69
112
67
631
630
720
721
721
721
672
207
206
205
204
Round Trip Times for BenchmarkingChatClient 1750124061 (in milliseconds):

Round Trip Times for BenchmarkingChatClient 1991196770 (in milliseconds):

Round Trip Times for BenchmarkingChatClient 993575173 (in milliseconds):

94
97
90
88
87
88
86
169
166
160
159
157
155
154
162
161
161
211
216
214
213
219
222
209
205
201
200
198
199
200
200
199
198
197
204
Round Trip Times for BenchmarkingChatClient 1581886020 (in milliseconds):

Round Trip Times for BenchmarkingChatClient 190188519 (in milliseconds):

242
241
181
135
134
197
196
196
207
201
199
191
1605
1592
1590
1586
1517
182
266
310
162
173
261
294
235
264
321
266
201
165
166
166
217
220
169
165
195
195
167
167
167
163
81
90
87
118
192
130
123
Round Trip Times for BenchmarkingChatClient 534038408 (in milliseconds):

646
627
551
500
479
484
Round Trip Times for BenchmarkingChatClient 1620208537 (in milliseconds):

914
204
127
91
89
87
87
88
86
81
80
83
83
27
59
53
50
47
411
467
464
462
424
420
416
414
409
411
Round Trip Times for BenchmarkingChatClient 557414789 (in milliseconds):

143
98
189
181
172
44
94
95
127
127
127
165
164
197
197
165
166
168
175
252
285
271
291
257
276
1975
1817
1762
1621
1500
1366
1228
1065
962
806
683
527
386
256
122
296
480
Round Trip Times for BenchmarkingChatClient 579655500 (in milliseconds):

Round Trip Times for BenchmarkingChatClient 2092027822 (in milliseconds):

Round Trip Times for BenchmarkingChatClient 1544881539 (in milliseconds):

196
189
110
622
564
415
293
148
540
413
270
293
230
82
244
201
245
189
176
166
165
215
218
129
189
109
93
91
122
161
164
125
126
163
189
189
166
164
80
89
129
168
126
119
119
119
119
119
160
Round Trip Times for BenchmarkingChatClient 1449335813 (in milliseconds):

1850
1862
1781
1621
1499
1348
1220
1098
1064
930
812
633
540
2083
1811
1665
1588
1454
1302
1167
1095
1089
ERROR - COULD NOT WRITE RTT TO FILE
Round Trip Times for BenchmarkingChatClient 1316259609 (in milliseconds):

1400
283
201
201
113
65
282
222
139
123
121
119
198
166
153
147
145
143
142
141
139
130
124
122
56
51
47
45
47
49
43
42
67
176
159
165
198
191
247
118
115
104
53
66
129
89
83
Round Trip Times for BenchmarkingChatClient 1917432038 (in milliseconds):

176
136
137
168
172
168
169
283
204
189
283
261
273
295
262
2054
1935
191
293
169
75
264
261
257
253
251
218
198
ERROR - COULD NOT WRITE RTT TO FILE
Round Trip Times for BenchmarkingChatClient 922821876 (in milliseconds):

134
88
128
129
130
169
169
169
176
178
179
179
131
131
131
168
168
119
119
158
157
157
158
279
278
277
277
273
246
48
139
136
264
272
291
260
223
285
166
192
190
145
135
204
247
273
267
294
276
Round Trip Times for BenchmarkingChatClient 1786987078 (in milliseconds):

Round Trip Times for BenchmarkingChatClient 103997331 (in milliseconds):

192
191
259
257
258
267
366
364
364
363
363
364
363
363
362
362
363
361
360
360
360
399
406
406
407
406
405
406
404
414
414
466
465
374
401
400
399
391
242
241
241
240
127
124
123
123
Round Trip Times for BenchmarkingChatClient 371893667 (in milliseconds):

1297
1215
1087
1022
1020
962
966
620
619
615
669
669
657
656
695
1291
1291
1291
1242
1296
1296
1296
1244
1242
1242
1241
1241
1240
1239
1238
1238
1238
1236
1236
1235
1235
1233
1231
1229
1227
1225
1224
1282
1277
1203
1186
1183
1197
1196
1195
Round Trip Times for BenchmarkingChatClient 746401669 (in milliseconds):

147
160
258
292
144
84
190
67
84
119
44
92
60
132
160
80
128
94
171
187
113
132
163
80
91
88
119
119
123
189
147
125
122
118
118
159
124
43
87
128
164
164
80
87
87
161
123
122
119
Round Trip Times for BenchmarkingChatClient 1550342735 (in milliseconds):

Round Trip Times for BenchmarkingChatClient 1922272949 (in milliseconds):

222
143
811
543
429
273
128
127
648
725
512
425
271
160
173
257
222
84
121
206
156
150
148
144
139
144
142
134
118
71
75
58
56
53
20
162
162
158
156
152
191
120
112
109
Round Trip Times for BenchmarkingChatClient 1380482572 (in milliseconds):

319
266
270
358
217
250
818
155
150
147
147
145
144
758
757
746
741
744
742
735
735
699
684
683
680
675
672
140
58
59
165
120
117
203
163
159
152
138
134
135
133
161
208
122
Round Trip Times for BenchmarkingChatClient 763101237 (in milliseconds):

200
139
Round Trip Times for BenchmarkingChatClient 1961295922 (in milliseconds):

Round Trip Times for BenchmarkingChatClient 1123318199 (in milliseconds):

Round Trip Times for BenchmarkingChatClient 1351880757 (in milliseconds):

Round Trip Times for BenchmarkingChatClient 1875742728 (in milliseconds):

Round Trip Times for BenchmarkingChatClient 430889015 (in milliseconds):

Round Trip Times for BenchmarkingChatClient 996574870 (in milliseconds):

925
919
791
673
494
395
376
251
288
272
265
151
207
274
264
294
278
268
258
269
165
196
168
153
445
273
165
57
54
90
160
164
209
214
171
97
153
107
132
94
92
122
167
166
164
160
179
106
92
