Round Trip Times for BenchmarkingChatClient 1706179902 (in milliseconds):

3975
3928
3690
3543
3395
3235
3095
2942
2795
2644
2496
2336
2136
2045
1896
1745
1598
1445
1297
1223
1072
926
773
623
476
324
177
132
148
169
443
395
260
354
438
449
493
1065
1230
980
867
1039
1038
1134
1134
Round Trip Times for BenchmarkingChatClient 1289007460 (in milliseconds):

4426
4362
4217
4076
3921
3770
3623
3467
3324
3160
3024
2877
2765
2616
2466
2329
2203
2065
1902
1753
1508
1418
1209
962
779
606
438
534
1049
1191
1699
1435
834
599
431
691
833
1186
1112
1039
1182
1960
1939
1777
1518
1070
Round Trip Times for BenchmarkingChatClient 483839459 (in milliseconds):

461
369
365
289
269
189
830
798
998
1102
1270
1491
1122
1030
988
961
591
501
916
1135
1118
1969
1824
1820
1818
1794
1840
1893
1886
1878
1776
1273
1306
1214
1799
1965
1909
1800
1348
1312
1015
774
965
1135
685
695
630
234
Round Trip Times for BenchmarkingChatClient 827309213 (in milliseconds):

1805
1703
1658
1746
1641
1593
1648
1639
1626
1691
1909
2067
2067
1936
1862
2540
2752
3115
3035
3094
4786
4924
4923
4912
4748
4675
4675
4674
4304
3915
3409
3320
3089
3024
2723
2571
1965
1019
912
905
903
1804
Round Trip Times for BenchmarkingChatClient 1965904247 (in milliseconds):

2204
2444
2857
4139
4289
4319
4313
4104
4076
3869
3592
3354
3418
3411
2528
2503
701
692
752
752
751
751
750
749
677
669
735
698
654
645
597
760
1037
1191
883
880
1122
1048
1038
847
699
698
623
613
632
523
685
Round Trip Times for BenchmarkingChatClient 1778460693 (in milliseconds):

5894
5777
5584
5493
5552
5400
5403
5252
5103
4955
4804
4729
4579
4428
4280
4202
4052
3905
3766
3575
3469
3274
3134
2927
2763
2569
2320
2417
2079
1339
1175
731
764
1583
2110
2461
2184
1418
511
747
Round Trip Times for BenchmarkingChatClient 1284912350 (in milliseconds):

1874
1562
1497
1369
1420
1139
1027
763
952
844
886
572
592
821
743
2749
2616
2718
2516
2581
3146
3004
2719
2578
2558
2379
2353
2349
1908
1946
1885
1869
1655
1730
1643
1653
1582
1367
536
458
422
701
474
902
590
451
375
77
143
Round Trip Times for BenchmarkingChatClient 1422293373 (in milliseconds):

1314
1101
1250
647
753
955
876
876
721
1119
1043
1572
1563
1490
1465
1492
1758
1749
1742
1782
1774
1536
1486
2845
2862
2802
2423
2188
1429
Round Trip Times for BenchmarkingChatClient 148644051 (in milliseconds):

707
671
439
1264
1338
1833
1949
1129
1031
1024
1023
949
946
945
1480
1476
1767
1762
1777
1774
1618
1424
987
1083
943
652
611
794
713
769
887
458
1230
1345
303
364
196
359
536
593
913
644
588
673
Round Trip Times for BenchmarkingChatClient 1216210364 (in milliseconds):

809
742
898
1333
1332
751
1247
1336
2059
2388
1729
1643
1454
1359
1209
1099
1163
1070
1034
1002
1034
951
683
672
598
1578
1524
1596
1468
Round Trip Times for BenchmarkingChatClient 1357116960 (in milliseconds):

1184
1069
1405
1302
1281
1530
1344
1175
755
684
1135
1929
1877
913
944
834
1821
1804
1718
1672
1859
1828
1645
1589
1815
2048
2137
2258
Round Trip Times for BenchmarkingChatClient 705619006 (in milliseconds):

Round Trip Times for BenchmarkingChatClient 1043115353 (in milliseconds):

319
184
402
260
300
157
144
196
449
311
400
293
593
621
755
1182
902
1603
1124
1796
1440
1547
2083
2134
2120
1956
1781
1588
1703
717
1782
1671
2016
1900
1931
809
1064
1049
1040
1039
770
757
576
Round Trip Times for BenchmarkingChatClient 1871348887 (in milliseconds):

3161
3029
2888
2737
2589
2438
2288
2138
1988
1837
1689
1540
1384
1297
1294
1266
1266
1429
1319
1118
1013
860
806
718
708
707
704
702
699
696
673
639
534
453
451
445
442
529
397
358
917
1049
1202
760
1566
2027
Round Trip Times for BenchmarkingChatClient 1866612957 (in milliseconds):

604
594
499
499
498
425
425
423
461
466
465
464
415
363
306
440
379
889
851
850
1537
1537
1407
1561
1045
854
900
927
1812
906
2579
3323
2731
1338
1329
1428
1353
1087
1017
1952
677
609
594
299
453
267
281
344
Round Trip Times for BenchmarkingChatClient 2045326357 (in milliseconds):

3369
3308
3256
3105
2862
2852
2696
2501
2335
1942
1753
1634
1737
1646
1629
1553
1552
1683
1684
1684
1552
1552
1496
1579
2062
2024
1428
1267
1187
983
727
793
788
814
933
1073
2693
2308
3250
1469
1253
1141
Round Trip Times for BenchmarkingChatClient 627379833 (in milliseconds):

1763
1544
1228
1204
1329
1281
1115
1276
1276
1583
1744
1877
2158
1643
1434
1490
1421
2649
2762
2848
2749
2786
2878
2719
2480
767
1050
667
384
550
510
493
466
1431
1291
905
845
809
800
705
535
306
898
729
691
543
398
100
213
Round Trip Times for BenchmarkingChatClient 2090384450 (in milliseconds):

504
305
451
243
189
248
492
533
246
1802
1057
683
674
529
516
983
1010
1426
1540
1537
1327
1238
1071
1459
1456
1297
2278
2312
1910
673
476
533
449
434
431
509
268
481
550
387
Round Trip Times for BenchmarkingChatClient 437290367 (in milliseconds):

Round Trip Times for BenchmarkingChatClient 836228446 (in milliseconds):

3061
3149
3171
3018
2993
3624
4822
4738
4398
4672
5087
4906
5222
Round Trip Times for BenchmarkingChatClient 708370565 (in milliseconds):

3069
2957
2814
2762
2651
2449
2198
2004
1841
1485
1297
1417
1180
855
1624
1187
1144
1533
1372
1350
1352
1351
1188
1180
1515
1324
1549
2639
Round Trip Times for BenchmarkingChatClient 1806196047 (in milliseconds):

1790
1430
1420
1847
3088
2947
2780
2770
2424
2230
1978
1620
1617
1330
1514
1190
1762
1669
1614
1662
1804
1044
1050
1029
1065
1081
1077
1809
1737
1735
1757
1512
1312
1197
1043
676
643
1134
606
237
441
694
Round Trip Times for BenchmarkingChatClient 1369180102 (in milliseconds):

3166
3445
2976
2713
2408
2069
2238
2176
2096
2016
2015
2151
2149
2108
2033
2423
2575
3534
3970
3859
4477
4437
4124
4099
4062
4023
3695
3572
3171
3139
3173
3021
1938
1936
1933
1926
1884
2101
2096
2070
2024
1948
1270
1400
1024
793
668
Round Trip Times for BenchmarkingChatClient 2030513139 (in milliseconds):

1307
1181
1948
2604
2229
786
782
1160
1103
2179
2123
1694
1494
1453
1813
1803
1764
1635
1627
1687
1672
1014
1040
973
1038
1094
1087
1086
1086
1239
1218
1300
1351
1351
1351
1172
1142
1196
1211
1136
Round Trip Times for BenchmarkingChatClient 1968894574 (in milliseconds):

347
220
308
437
452
305
276
839
1345
1255
1724
898
1652
1196
1168
900
1049
818
2660
3052
3107
3707
3798
3234
3223
2721
2481
1684
1732
1806
1485
1244
Round Trip Times for BenchmarkingChatClient 816733711 (in milliseconds):

251
204
177
298
301
294
298
344
298
315
446
402
330
350
438
245
437
273
819
1112
1661
1409
1569
1167
1520
1201
1051
1106
1544
1585
1631
923
1081
658
537
2182
2124
2030
1516
1249
1280
Round Trip Times for BenchmarkingChatClient 30764682 (in milliseconds):

2528
2433
2299
2150
2032
1965
1966
1815
1902
1902
1668
1668
1667
1667
1517
1527
1526
1527
1526
1381
1382
1383
1382
1495
1495
1346
1334
1194
1002
897
693
441
314
181
260
152
153
153
207
332
326
376
313
303
300
291
Round Trip Times for BenchmarkingChatClient 1308059511 (in milliseconds):

281
157
128
139
195
164
227
254
254
254
251
181
174
169
233
262
229
235
234
365
366
366
421
458
219
180
130
104
267
862
853
1393
1197
1333
1339
793
653
763
519
1143
Round Trip Times for BenchmarkingChatClient 1628323415 (in milliseconds):

3021
2908
2766
2579
2467
2264
2163
1971
1800
1790
1787
1839
1775
1713
1789
1784
1995
2222
2161
2156
2148
2066
1975
1955
1868
1900
1804
1796
1919
1916
1911
2060
1932
1943
1669
1419
1504
1176
746
520
997
987
1187
1248
1554
1522
Round Trip Times for BenchmarkingChatClient 696667003 (in milliseconds):

2297
1791
1666
1772
1283
1283
1283
1349
1435
1435
1435
1435
1352
1350
1219
1234
2042
1944
1958
1720
1707
2104
2022
3287
3284
3129
Round Trip Times for BenchmarkingChatClient 1264934344 (in milliseconds):

649
589
415
169
680
1346
1255
1176
1399
886
1427
1421
1420
3204
2863
3109
3026
4138
4080
3967
3561
2359
2328
2263
2332
1809
1743
1438
1448
1373
1302
1073
1045
997
ERROR - COULD NOT WRITE RTT TO FILE
Round Trip Times for BenchmarkingChatClient 1804563385 (in milliseconds):

2857
2806
2643
2515
2352
2203
1958
1825
1623
1461
1179
1014
574
445
292
679
1343
1414
1657
1530
1192
956
801
747
640
1997
680
532
519
1193
2103
2084
1850
1170
1123
1013
710
694
532
508
354
254
243
Round Trip Times for BenchmarkingChatClient 456002066 (in milliseconds):

838
736
936
930
927
956
894
890
944
1261
1253
1252
1252
1252
1251
1251
1549
1047
1041
1036
1520
1484
1485
1502
1379
1379
1382
1215
1158
801
1580
1341
1331
1212
1199
694
443
443
803
851
774
697
692
644
777
Round Trip Times for BenchmarkingChatClient 976476444 (in milliseconds):

267
173
137
456
353
1031
1465
1043
1728
883
1552
943
2141
1998
1640
1867
1428
2719
2572
2696
3075
2981
3099
3036
2653
2469
1867
1568
1643
Round Trip Times for BenchmarkingChatClient 493842401 (in milliseconds):

1285
792
844
987
837
823
1167
1125
748
664
649
647
685
929
934
1041
1294
2907
2720
2472
1862
1519
1509
1593
1578
1220
1069
1029
1278
1427
1987
1859
1263
1152
1806
1817
1886
1641
1503
1390
1255
1233
1001
1035
605
517
427
Round Trip Times for BenchmarkingChatClient 1048148857 (in milliseconds):

1610
1518
1384
1233
1108
962
809
661
509
363
213
157
348
429
385
257
157
155
56
128
128
129
116
134
213
205
203
190
119
274
267
288
466
348
241
296
1416
1334
982
987
1048
1281
711
1125
952
1944
Round Trip Times for BenchmarkingChatClient 1218026533 (in milliseconds):

369
283
281
280
432
313
470
461
170
243
152
22
20
141
153
147
157
58
126
438
441
335
331
323
315
350
266
306
296
290
388
386
342
290
280
277
413
446
356
283
126
904
866
861
857
853
Round Trip Times for BenchmarkingChatClient 1210019206 (in milliseconds):

Round Trip Times for BenchmarkingChatClient 2049588265 (in milliseconds):

2182
1874
1729
3058
3089
3353
3221
2918
2742
2865
2862
2719
2624
2227
2275
1669
1674
1354
1212
857
885
602
518
428
457
1355
1294
1393
1245
1526
1502
1155
1362
1136
947
858
667
901
390
374
617
691
452
462
742
603
486
445
304
Round Trip Times for BenchmarkingChatClient 1606461047 (in milliseconds):

390
435
338
353
557
543
312
423
428
739
908
1411
1172
936
606
600
710
710
531
1124
1892
1674
1641
1264
927
840
827
824
622
665
599
582
499
474
415
468
1358
1526
1519
