Round Trip Times for BenchmarkingChatClient 1787444886 (in milliseconds):

965
701
698
705
699
682
603
595
1070
1865
1359
1268
1237
1236
1195
1280
1265
1639
1891
1923
1913
1990
1964
1963
1918
1825
1812
1751
3312
3151
1583
1438
1525
1461
1369
1365
Round Trip Times for BenchmarkingChatClient 1806888873 (in milliseconds):

2009
1945
1551
1501
787
765
1070
787
818
601
598
1675
1493
1682
1356
981
983
1053
1581
1331
1278
856
538
2194
2113
2831
3033
3373
3314
3007
3003
2963
1802
1427
1270
1391
1344
1340
1234
1230
1188
1186
1184
1043
1035
770
Round Trip Times for BenchmarkingChatClient 1413649450 (in milliseconds):

866
1532
962
785
704
1194
990
1032
1017
889
945
1524
1519
940
576
1225
2107
1632
1492
1481
1531
1528
1486
1420
2476
2691
1584
1340
1263
691
507
686
684
531
522
547
524
755
Round Trip Times for BenchmarkingChatClient 136464650 (in milliseconds):

6220
6294
6169
6101
5952
5797
5641
5410
5261
5110
4989
4834
4961
4813
4663
4515
4364
4217
4069
3920
3820
3756
3606
3485
3338
3033
2988
3150
3003
2847
2696
2549
2391
2285
1962
2283
2394
Round Trip Times for BenchmarkingChatClient 1140957054 (in milliseconds):

2510
1973
1735
1791
1955
1933
1930
1931
2093
2954
3446
3419
3027
2720
2756
2852
2852
3007
2987
3831
3963
5209
5071
4381
4295
4224
3065
3007
2836
2779
2664
2498
2436
2183
1963
1827
1854
1854
1868
1940
1409
1348
1344
1261
1351
906
802
751
Round Trip Times for BenchmarkingChatClient 497418027 (in milliseconds):

742
461
768
785
338
821
1598
1634
1693
1788
2172
2061
2034
1672
810
713
704
564
389
399
316
316
994
989
1679
2340
2858
2704
1969
1664
1071
850
Round Trip Times for BenchmarkingChatClient 559331966 (in milliseconds):

137
80
91
50
303
284
290
554
453
198
300
302
296
293
298
306
442
442
749
1296
1685
1801
1528
1505
2384
2229
2110
1494
1146
1204
889
652
ERROR - COULD NOT WRITE RTT TO FILE
Round Trip Times for BenchmarkingChatClient 1874651259 (in milliseconds):

Round Trip Times for BenchmarkingChatClient 764316406 (in milliseconds):

2794
2861
2777
2701
2699
3128
3115
3110
3106
2827
2822
3033
2988
2873
3326
3127
4312
4306
4273
4380
4590
4510
4501
4377
4421
4315
4293
4285
4276
4126
3982
3863
3402
3335
2025
1881
1736
1573
528
265
737
731
571
365
400
595
532
Round Trip Times for BenchmarkingChatClient 563795894 (in milliseconds):

4912
4893
4764
4990
4862
4813
4663
4525
4422
4064
4015
3951
3802
3725
3710
3591
3435
3045
2890
2301
2040
1861
1253
1341
1092
1045
1009
1182
970
1099
1867
1738
1817
1779
1770
1656
1689
1663
1738
1738
1792
2256
Round Trip Times for BenchmarkingChatClient 684253812 (in milliseconds):

2143
1948
1859
2075
1658
1844
1814
1737
1783
1772
1783
1716
1672
1626
2254
2251
2243
2233
2399
2532
3582
3481
3463
3622
3499
3489
3657
3367
2579
2574
2522
2417
2487
1904
2234
1880
1851
1846
1565
1220
1219
1056
893
820
Round Trip Times for BenchmarkingChatClient 420975230 (in milliseconds):

2998
2854
2710
2562
2406
2263
2111
1963
1815
1664
1514
1364
1228
1053
923
765
615
479
329
158
298
303
298
336
301
161
189
294
302
299
854
886
812
749
872
1051
1178
Round Trip Times for BenchmarkingChatClient 1040729412 (in milliseconds):

3409
3172
3682
3687
3569
3525
4072
4041
4407
4355
4264
4317
4162
4217
4069
3353
3294
3121
3125
2948
2754
3171
3177
2951
2766
3216
3219
3446
3321
2372
2286
1838
1537
1484
1526
1502
1437
1506
1189
1278
1195
Round Trip Times for BenchmarkingChatClient 570003861 (in milliseconds):

4318
3837
3325
3009
2873
2380
2381
1936
1950
1981
1593
2127
2048
1814
1860
1787
1631
1628
1494
1599
1538
1189
1303
1890
2200
1890
1887
1880
2110
2113
2103
2034
Round Trip Times for BenchmarkingChatClient 1537825738 (in milliseconds):

1120
1004
941
633
299
752
645
819
1471
1791
1303
1852
457
450
443
436
480
469
352
560
414
785
1037
1037
1049
1046
1410
1409
1442
1251
1381
1380
1533
1533
1897
1732
1947
1922
2021
Round Trip Times for BenchmarkingChatClient 1915571503 (in milliseconds):

4484
4319
4460
4301
4561
4424
4505
4102
4295
4196
4046
3890
3744
3598
3444
3294
3009
2863
2206
2226
1779
1641
1636
1759
1460
1331
2990
2709
3222
2703
2195
1954
Round Trip Times for BenchmarkingChatClient 632815008 (in milliseconds):

2014
2245
2311
2101
2079
1685
1404
1420
1473
1415
1688
1630
1774
1777
1918
1963
1857
2224
2124
3850
3834
3712
3722
3255
3255
2675
2171
2104
1689
2549
2541
2552
2558
Round Trip Times for BenchmarkingChatClient 907598251 (in milliseconds):

1314
414
263
1839
1372
1368
1466
1466
1377
1108
1488
1296
1295
1294
1223
1725
1364
1374
1231
1369
1319
1296
1213
1112
1087
1082
1092
1054
984
935
1605
69
56
874
1016
1119
1103
934
789
875
Round Trip Times for BenchmarkingChatClient 2094634444 (in milliseconds):

180
299
256
847
1003
884
1192
989
808
1640
1728
1484
1314
1113
1102
973
1110
1297
1482
1389
1088
913
1238
1329
1236
2123
Round Trip Times for BenchmarkingChatClient 2142711757 (in milliseconds):

1720
1617
1346
1198
1043
895
998
852
1447
808
1257
1495
1849
2260
3107
2841
2362
2361
1949
1943
1805
2298
2182
2400
2067
2040
2038
1732
1711
1168
1174
1076
835
1362
1304
985
896
827
2140
2720
Round Trip Times for BenchmarkingChatClient 1903951919 (in milliseconds):

1206
926
1147
1053
903
1015
2843
3439
3069
3036
2562
2260
2127
2108
2090
2073
1976
1941
1906
1842
1472
1049
929
1641
1566
1657
1647
1638
1639
1653
1589
1581
1194
1189
657
599
511
656
767
521
893
419
664
753
Round Trip Times for BenchmarkingChatClient 1345036407 (in milliseconds):

1015
1039
729
717
1031
836
825
814
893
1030
921
905
898
886
950
895
2953
2989
2018
1331
683
530
586
574
507
500
605
593
528
451
1116
1063
1055
1051
975
1895
Round Trip Times for BenchmarkingChatClient 1856612289 (in milliseconds):

912
303
749
1961
1497
1420
1824
1908
2812
2875
3661
3632
3630
3733
3730
3586
3440
3288
1886
1972
1969
1918
1878
1844
1758
1685
1650
2391
1973
1894
1841
885
877
294
498
450
837
916
859
751
738
822
763
756
668
666
695
616
452
Round Trip Times for BenchmarkingChatClient 1582977251 (in milliseconds):

229
156
103
208
289
311
298
287
314
284
287
555
453
197
299
329
441
370
255
302
449
350
756
1009
1570
1262
846
668
2289
1896
1388
1360
3016
3181
3181
2966
2956
2835
1829
820
746
680
367
Round Trip Times for BenchmarkingChatClient 2070186528 (in milliseconds):

Round Trip Times for BenchmarkingChatClient 1024359097 (in milliseconds):

3866
3708
3610
3452
3295
3262
3251
3243
3228
3291
5126
4998
4915
4949
5077
4925
4782
4756
4797
4857
4783
4898
4776
5041
5102
5030
4524
3979
4138
4225
4136
4014
2772
2618
2488
2339
2123
1991
1725
1551
1444
1251
864
646
838
731
578
420
Round Trip Times for BenchmarkingChatClient 1538822958 (in milliseconds):

1301
873
956
345
759
732
411
1322
1158
994
820
659
1796
3827
3805
3896
3876
4047
3981
Round Trip Times for BenchmarkingChatClient 178937151 (in milliseconds):

849
1117
1093
1273
834
1320
1144
1128
1268
1314
1057
1806
1584
1051
920
828
638
461
439
1087
592
394
671
1200
754
713
1031
526
424
777
690
601
594
590
584
811
720
641
589
627
587
556
546
544
507
Round Trip Times for BenchmarkingChatClient 436189731 (in milliseconds):

506
434
213
233
500
1240
984
755
589
450
1537
1514
1438
1924
2878
2583
2638
2626
2595
2653
1907
1138
1156
1084
1068
801
704
846
434
434
531
530
562
816
1146
1058
978
862
776
711
942
897
876
872
Round Trip Times for BenchmarkingChatClient 1595082857 (in milliseconds):

257
154
132
129
872
853
786
1046
1044
1041
1038
1031
1029
1058
1057
490
765
963
885
810
805
1027
1550
1584
2045
1800
1454
1047
1043
1041
1171
2066
2065
1955
1937
1912
1702
1452
1135
2026
1757
1032
844
666
650
Round Trip Times for BenchmarkingChatClient 76654861 (in milliseconds):

499
440
296
337
301
155
158
164
145
324
763
1058
1428
1199
1102
1071
1069
1067
1063
1160
884
1621
1487
1786
2365
4012
3943
4396
Round Trip Times for BenchmarkingChatClient 363946284 (in milliseconds):

397
351
153
146
165
288
195
182
175
293
263
180
1672
1616
924
940
896
783
858
1319
1444
1383
1815
1813
1798
1997
1941
1494
1325
1257
1531
2786
Round Trip Times for BenchmarkingChatClient 1661621132 (in milliseconds):

Round Trip Times for BenchmarkingChatClient 1569714602 (in milliseconds):

2669
2316
2103
1953
1924
1921
1496
1307
1139
1058
1913
1636
1635
1552
1548
2001
2126
2091
2005
2181
2633
2643
2573
2710
2290
2275
2492
3062
2968
2966
2870
3030
2880
2172
2134
2007
666
ERROR - COULD NOT WRITE RTT TO FILE
Round Trip Times for BenchmarkingChatClient 1865551202 (in milliseconds):

1469
1492
1349
1351
1233
933
1455
1083
1581
1443
1204
1903
1757
1866
2034
2265
1992
2076
1434
1977
3287
3069
3242
3208
2713
2656
2620
2683
2317
2236
1566
Round Trip Times for BenchmarkingChatClient 1275467055 (in milliseconds):

1320
899
1698
1658
1386
2222
3717
3415
3171
2987
2649
2500
1930
1470
1240
1077
951
1089
916
867
768
899
895
753
2132
2478
2438
1407
1259
1190
934
914
Round Trip Times for BenchmarkingChatClient 87521959 (in milliseconds):

819
696
500
353
200
203
254
331
269
48
906
930
893
1429
2971
2839
2826
2385
1707
1694
2274
3470
3364
1789
1595
1606
1600
1814
1807
1802
1671
1424
1626
1622
1438
1369
1303
1060
937
1422
933
753
561
Round Trip Times for BenchmarkingChatClient 91113493 (in milliseconds):

905
757
607
428
428
206
207
206
192
297
296
295
315
281
1440
1754
1293
1144
895
611
1782
3363
2871
1890
1418
1653
1652
1736
1660
425
412
405
400
325
941
1014
1911
1770
1636
Round Trip Times for BenchmarkingChatClient 2077175983 (in milliseconds):

1788
1810
1806
1804
1803
1799
1830
1824
1824
1821
1821
1935
1939
1937
1964
2235
2234
2232
2319
1440
1291
1023
1050
1555
1749
1185
1582
346
319
389
1257
1561
1511
1318
ERROR - COULD NOT WRITE RTT TO FILE
Round Trip Times for BenchmarkingChatClient 1930288776 (in milliseconds):

1878
2125
1518
1608
1548
1530
1525
1446
1869
1623
1610
1503
1449
1329
1320
1347
1335
1159
1159
1158
1158
1155
1155
1152
1444
1444
1444
1443
1444
2071
2070
1953
1662
1524
1468
1164
1005
1033
895
1482
1558
1388
1127
