Round Trip Times for BenchmarkingChatClient 766819852 (in milliseconds):

4010
3879
3956
3905
3741
3634
3703
3547
3400
3165
3086
4343
4193
4052
4434
4171
3461
3278
2619
1291
1206
1194
1221
1165
1194
2534
4079
4043
8219
7818
6937
6791
5040
4594
Round Trip Times for BenchmarkingChatClient 1151457860 (in milliseconds):

5258
4816
4371
2726
2010
1873
1452
1256
1204
1728
1110
2258
1559
2199
907
452
483
1245
2357
3365
5680
5309
3593
3351
3225
3149
3100
2975
4799
1411
1414
1315
1078
1069
917
1188
1187
1294
1624
Round Trip Times for BenchmarkingChatClient 1405996329 (in milliseconds):

465
347
290
159
277
588
595
374
507
758
1922
1647
1054
875
5297
1122
2637
2443
2221
2019
1479
1403
471
654
3170
2865
2857
1852
1848
1772
1631
1391
1235
1180
914
916
673
596
556
1222
2925
3533
2621
Round Trip Times for BenchmarkingChatClient 1416239399 (in milliseconds):

3823
3759
3608
3382
3384
3238
3111
2987
2741
2597
2450
2282
2228
2079
2002
1962
1808
1808
1794
1855
2866
2866
2938
2988
Round Trip Times for BenchmarkingChatClient 171387728 (in milliseconds):

4702
4440
6858
7230
7198
7375
7467
7315
7165
7035
7031
8336
9100
10644
10682
10556
10624
10666
10671
10670
11085
11091
Round Trip Times for BenchmarkingChatClient 839885065 (in milliseconds):

2919
2845
2626
2563
2391
2265
2038
1895
1746
1580
1421
1275
1129
940
787
642
399
269
210
616
681
575
2031
2112
2236
1916
3177
4050
2925
1861
3241
2777
2120
1822
1820
1841
1844
1945
2111
2382
3265
5518
Round Trip Times for BenchmarkingChatClient 558353717 (in milliseconds):

405
665
664
606
590
747
689
3577
3513
3616
3546
3485
3278
2997
4124
3892
3745
3793
3608
3452
2058
1643
2232
2376
2305
2325
2264
2260
2605
3443
Round Trip Times for BenchmarkingChatClient 742818615 (in milliseconds):

3986
3846
3747
3615
3739
3635
3638
3486
3407
3671
3607
3646
3493
3632
3597
3572
3508
3500
7108
7133
7037
5164
5117
4954
5012
4941
Round Trip Times for BenchmarkingChatClient 1943538937 (in milliseconds):

3005
3545
4537
4301
4085
4029
3997
3523
3287
3255
3247
9485
9358
9353
9182
9244
9242
9275
9277
9279
8997
6088
6226
6257
6168
5576
6551
6695
6673
Round Trip Times for BenchmarkingChatClient 109695513 (in milliseconds):

907
1673
1507
1509
4132
1269
3046
2863
4029
3105
8887
9397
9657
10177
11237
11133
7260
8511
8993
8212
8168
8018
7848
7826
7656
7642
Round Trip Times for BenchmarkingChatClient 811493047 (in milliseconds):

1356
1277
1073
1009
837
711
465
324
517
343
447
301
540
389
366
210
298
297
532
974
1497
4281
4892
4890
4494
4442
4256
4237
4152
3685
3455
4549
3217
3286
4190
3747
3628
2607
2627
934
525
765
435
1909
4942
Round Trip Times for BenchmarkingChatClient 1269854812 (in milliseconds):

4259
3195
4078
4111
4031
3961
3950
2662
2656
2026
2005
6240
6061
5948
5917
5967
6348
6856
7148
7456
7455
7454
7287
7211
7079
6959
7026
7281
7477
7476
8196
8138
8008
7610
6098
5915
Round Trip Times for BenchmarkingChatClient 1755604699 (in milliseconds):

Round Trip Times for BenchmarkingChatClient 586907044 (in milliseconds):

7454
7787
7663
7835
7896
10038
9721
8733
7179
5898
6141
6138
6022
5726
5518
5536
5504
6853
6934
7154
7180
11089
11089
11089
10295
Round Trip Times for BenchmarkingChatClient 53781348 (in milliseconds):

793
644
3425
3127
2055
1535
1161
4074
1370
1297
1356
1198
1325
2797
6510
6346
6499
6643
4582
4569
4413
4369
4248
5336
5255
5248
5118
Round Trip Times for BenchmarkingChatClient 200190299 (in milliseconds):

2126
3319
3317
3424
3776
4073
6299
5304
5173
4977
4987
5751
8809
7172
6763
6148
6069
5917
8058
6722
6744
7247
Round Trip Times for BenchmarkingChatClient 1789891248 (in milliseconds):

6560
5124
3556
5107
5219
5678
5439
5180
4238
5845
4529
4533
6894
6879
6802
10125
9978
9610
6440
6369
6360
6360
6651
6601
5469
5092
3502
3297
3591
3376
3237
2923
2900
3199
3092
3050
3062
Round Trip Times for BenchmarkingChatClient 49109167 (in milliseconds):

1263
645
1100
1385
2889
2308
2462
1649
4255
901
1911
1128
826
1232
1670
2506
2378
2367
2362
2356
2297
2124
1962
1855
1889
1804
1561
775
766
1196
3055
3721
2687
2528
2482
2476
2489
5142
3134
3123
2915
2801
Round Trip Times for BenchmarkingChatClient 1678892107 (in milliseconds):

2904
2541
3246
3170
2736
2729
4031
4150
2287
2143
2212
1954
1778
1730
449
1469
2682
2449
2270
2111
2100
1596
6657
6566
6369
5679
5555
5052
5526
5080
3970
4102
3775
Round Trip Times for BenchmarkingChatClient 2125826247 (in milliseconds):

542
380
333
1863
2674
2619
3227
2254
3761
5099
5663
5211
5071
4743
5069
5125
4176
6539
6667
5909
5774
5748
2021
2785
3110
3230
4553
4720
4660
5320
Round Trip Times for BenchmarkingChatClient 908716368 (in milliseconds):

4513
4395
5005
4953
4798
4963
4760
4685
4737
4592
4439
3891
3986
4041
3898
5846
7117
4803
4551
3836
3698
3265
3319
3053
3904
4885
3954
4068
3339
1798
1671
1466
1128
909
971
1614
1938
1859
1931
1801
2543
2619
2429
2246
1868
1955
Round Trip Times for BenchmarkingChatClient 1886246449 (in milliseconds):

2666
2539
3380
4263
4208
3797
4111
4200
4104
4790
4848
4798
5189
2408
2409
3244
3261
3265
2260
2240
2240
3369
4315
4523
Round Trip Times for BenchmarkingChatClient 409340057 (in milliseconds):

3342
3177
3128
2983
3447
4343
4326
4163
4366
3826
4133
4107
3975
4947
4820
2991
2842
2739
5256
6065
6465
6435
6639
6547
6548
6926
7853
7769
3968
3961
3929
Round Trip Times for BenchmarkingChatClient 975055347 (in milliseconds):

2047
1971
1847
2007
1818
1711
1521
1370
1223
1050
896
854
737
581
296
3280
3465
3609
3487
3612
5290
5131
4220
2602
2564
3103
3187
3127
2467
2371
6804
6730
6515
6624
Round Trip Times for BenchmarkingChatClient 1416888973 (in milliseconds):

945
1106
3779
3773
3923
3755
3761
3628
3554
3603
5412
5282
4139
3640
3176
3169
3161
3178
3053
2904
2795
2505
1798
1510
1481
1390
1385
1459
5134
5131
4709
3503
8024
8005
7979
7479
Round Trip Times for BenchmarkingChatClient 724216482 (in milliseconds):

4488
4507
4359
2629
2720
3347
3557
3712
6119
6694
10042
9930
10454
10270
9800
8160
10291
10089
10820
Round Trip Times for BenchmarkingChatClient 599055922 (in milliseconds):

9410
9316
10494
10343
11522
11413
15110
15067
15725
15885
15492
15341
15430
15580
15408
15193
14295
14143
13831
13765
12789
12720
11714
11686
10560
10689
10487
12407
Round Trip Times for BenchmarkingChatClient 861850512 (in milliseconds):

15447
11079
11005
9659
8337
8091
5262
5445
4794
4372
4208
3733
5610
5305
4297
4631
4561
4582
4557
4556
4715
4623
5435
5749
6495
6428
7308
7281
Round Trip Times for BenchmarkingChatClient 885573898 (in milliseconds):

1167
1369
4287
3813
2214
2079
1631
1568
1267
1047
1737
1070
943
844
6315
5687
4696
3986
3463
3017
3087
225
146
162
3972
5699
5532
5279
5182
3521
3373
2726
2557
2448
2746
2455
2398
2453
2290
1329
1296
1442
1646
1549
Round Trip Times for BenchmarkingChatClient 1769422250 (in milliseconds):

4438
4412
3922
2290
1987
1852
1734
1722
1598
1350
886
690
2901
3144
3861
8305
Round Trip Times for BenchmarkingChatClient 1303435670 (in milliseconds):

2515
3458
3605
3303
2997
2667
2948
5299
2921
4123
4559
4569
4905
4766
5593
5525
4985
4203
4247
3406
2539
4669
4902
4439
4366
7820
9361
9042
9174
9001
Round Trip Times for BenchmarkingChatClient 756372589 (in milliseconds):

5567
5509
4272
3801
3741
3503
3139
5766
5757
5758
5696
5721
4326
3267
3161
2515
2222
1945
2170
2033
1917
1966
1839
1916
2042
3301
3160
3031
2978
2969
2730
2833
3453
3218
3878
Round Trip Times for BenchmarkingChatClient 1081733523 (in milliseconds):

4102
2760
2016
1660
1914
3292
3297
2465
2923
736
930
905
903
3279
4615
4472
5303
5201
5167
4758
7726
5689
5759
Round Trip Times for BenchmarkingChatClient 2079473790 (in milliseconds):

3924
3267
5281
4666
5154
4946
4687
4211
4759
4710
3962
4162
4131
2476
2572
2629
2421
2396
3808
3773
605
551
3991
3954
Round Trip Times for BenchmarkingChatClient 1489240027 (in milliseconds):

1978
1843
12486
9656
9576
9138
7416
7262
7039
6788
6316
6357
6302
5141
5251
5916
6292
7319
7494
8533
7637
4435
4274
3244
3242
3104
3040
1788
1942
1934
1929
2319
2313
2232
2217
2212
2197
2191
2041
1939
1934
1933
1929
Round Trip Times for BenchmarkingChatClient 409008082 (in milliseconds):

3208
3157
3545
3397
3098
3063
2876
2915
2560
2528
5469
2840
2779
2482
2398
2395
8711
9954
9931
5609
2704
2459
2451
2409
2686
4737
4648
4553
4476
4626
4514
4417
4460
3733
3753
3670
3564
3749
3761
3602
2367
2285
2220
2310
1876
3174
1004
Round Trip Times for BenchmarkingChatClient 430849928 (in milliseconds):

3294
3174
2701
2546
2458
3658
8047
8044
7878
7179
6049
6035
6032
9786
11303
11374
11826
11895
Round Trip Times for BenchmarkingChatClient 73552798 (in milliseconds):

1317
4727
2466
2490
2491
2497
2604
2529
5396
9720
10922
11232
11082
10642
10572
10460
7693
6064
5912
5459
5452
Round Trip Times for BenchmarkingChatClient 23708808 (in milliseconds):

1187
5643
4092
3042
542
708
707
770
1531
3673
3672
3382
2143
2204
2105
2118
5552
5512
5086
4874
4653
4329
10761
9806
5999
5912
5457
5397
5396
5431
5245
5015
4862
4783
4426
2989
2865
2844
2695
2693
Round Trip Times for BenchmarkingChatClient 1747963555 (in milliseconds):

681
716
5806
5476
1127
940
992
2932
2519
2371
2663
5353
5346
4930
6006
6224
6228
7478
7475
7254
7036
7072
7316
7549
5605
5453
5448
5302
1936
2026
2771
2843
3289
3301
3243
Round Trip Times for BenchmarkingChatClient 341536644 (in milliseconds):

2599
3663
3496
3349
4893
5378
5960
5234
5306
5106
7191
7163
7302
6847
5006
4857
4973
5075
3963
3648
6750
6185
6174
5993
5793
5380
5023
4937
4095
4068
3970
3766
3469
3064
3062
3006
2867
2484
1974
1725
1706
1701
1628
1492
Round Trip Times for BenchmarkingChatClient 880488843 (in milliseconds):

5661
6150
7844
8009
8959
6935
5518
5372
4798
4749
4630
4341
4343
5762
5343
5341
5195
2246
2262
3822
7175
7169
7048
7044
6914
6843
6811
5908
2352
1411
1111
1106
1101
1095
1391
1469
Round Trip Times for BenchmarkingChatClient 714261990 (in milliseconds):

1524
2258
808
2078
1357
1143
1491
1065
411
448
1657
1596
1391
2110
2127
5155
5159
4651
4494
3605
4000
3947
3979
3978
3912
5020
3603
3458
4140
Round Trip Times for BenchmarkingChatClient 1891292162 (in milliseconds):

909
670
2689
2860
3527
3317
2867
2366
1723
1285
910
899
1354
1348
1012
1012
730
2693
3736
3790
3787
3653
3841
3560
2769
2759
2250
2212
2142
2133
2042
2193
2723
2663
2592
6193
6074
4767
4205
4129
4140
3679
Round Trip Times for BenchmarkingChatClient 1774478753 (in milliseconds):

150
353
533
531
1004
1254
3239
2591
2245
1965
1711
2230
2061
2675
2250
2117
1818
4534
4469
4283
4044
4056
4052
5849
5858
5754
5765
5703
5697
Round Trip Times for BenchmarkingChatClient 1978894140 (in milliseconds):

3150
4002
3852
1767
1384
957
4333
4386
6365
7307
7147
7008
7090
7089
7717
7717
7716
7768
7532
7472
7227
7215
7097
7095
7097
7836
7685
6325
5632
5211
4335
4141
4473
4263
4693
Round Trip Times for BenchmarkingChatClient 1828349263 (in milliseconds):

Round Trip Times for BenchmarkingChatClient 1977717339 (in milliseconds):

11482
8910
8809
12247
12112
11865
11839
11909
11875
12051
12443
12192
12651
12505
12412
11051
10619
10333
10421
10444
9714
6970
6917
6793
6894
4507
4413
4415
4253
3229
4717
4339
4271
4137
4144
4199
3669
3617
3372
3223
3149
3152
3065
Round Trip Times for BenchmarkingChatClient 2111699847 (in milliseconds):

6342
11101
10877
10805
10859
11115
11507
11386
11269
11243
11131
11098
10931
10872
10773
11534
12878
12896
12748
13167
13016
12956
13135
12981
12532
12781
12740
12587
12324
11790
11641
11026
8704
8108
Round Trip Times for BenchmarkingChatClient 523068263 (in milliseconds):

11768
11645
9199
9034
8855
8219
8215
8007
8007
11980
10977
9640
9717
9022
8721
8721
8697
8452
8369
