Round Trip Times for BenchmarkingChatClient 442236925 (in milliseconds):

279
149
759
614
465
359
279
234
246
145
145
146
140
140
139
155
155
159
161
160
75
76
19
15
15
81
81
79
81
81
81
78
80
ERROR - COULD NOT WRITE RTT TO FILE
Round Trip Times for BenchmarkingChatClient 454921977 (in milliseconds):

355
430
308
275
171
285
263
202
195
190
189
183
180
178
176
174
171
170
165
164
173
168
237
215
157
143
169
185
301
311
299
319
304
280
295
289
299
370
360
284
299
296
300
309
301
139
232
207
259
Round Trip Times for BenchmarkingChatClient 349644174 (in milliseconds):

213
158
156
154
153
152
150
148
146
146
144
781
245
262
262
172
22
83
78
78
74
13
Round Trip Times for BenchmarkingChatClient 883874386 (in milliseconds):

1864
1746
1578
1427
1273
1125
975
858
714
572
Round Trip Times for BenchmarkingChatClient 1550499622 (in milliseconds):

144
581
713
710
693
671
666
293
291
218
159
48
245
217
284
291
305
286
303
314
299
320
305
280
296
285
297
374
362
284
300
295
300
311
205
289
272
303
329
300
299
294
298
280
299
293
300
327
Round Trip Times for BenchmarkingChatClient 736289907 (in milliseconds):

802
700
561
413
295
298
308
290
290
253
265
167
165
162
161
158
157
152
150
179
356
232
229
247
245
288
288
160
160
145
146
147
146
145
147
124
101
20
21
22
18
18
Round Trip Times for BenchmarkingChatClient 997516808 (in milliseconds):

608
445
445
446
445
445
444
293
292
292
292
291
291
291
143
147
247
334
322
320
319
317
315
314
280
220
260
259
258
154
49
49
49
49
Round Trip Times for BenchmarkingChatClient 1147780047 (in milliseconds):

76
49
47
60
57
54
53
142
140
138
135
134
135
135
139
134
127
128
116
142
145
147
145
144
145
145
145
145
172
265
Round Trip Times for BenchmarkingChatClient 828069081 (in milliseconds):

589
513
296
279
239
242
243
243
244
Round Trip Times for BenchmarkingChatClient 2043099446 (in milliseconds):

369
321
319
317
311
304
304
305
302
305
383
