Round Trip Times for BenchmarkingChatClient 748500392 (in milliseconds):

253
204
347
221
230
313
294
285
325
374
372
287
236
292
308
383
494
506
254
315
365
430
442
428
426
296
283
308
362
684
496
451
599
738
554
416
298
216
218
323
2197
359
236
299
455
600
580
440
320
Round Trip Times for BenchmarkingChatClient 998191602 (in milliseconds):

4515
4438
4431
4431
4343
4318
4279
4221
4072
3926
3776
3618
3452
3261
3117
2953
2815
2672
2521
2374
2232
2042
1826
1758
1548
1461
1317
1162
1020
811
769
621
471
312
162
240
167
109
51
292
162
241
305
298
292
325
374
319
Exception in thread "Thread-0" java.lang.OutOfMemoryError: unable to create new native thread
	at java.lang.Thread.start0(Native Method)
	at java.lang.Thread.start(Thread.java:614)
	at edu.berkeley.cs.cs162.BenchmarkingChatClient.connect(BenchmarkingChatClient.java:386)
	at edu.berkeley.cs.cs162.BenchmarkingChatClient.executeCommand(BenchmarkingChatClient.java:294)
	at edu.berkeley.cs.cs162.BenchmarkingChatClient.run(BenchmarkingChatClient.java:82)
Round Trip Times for BenchmarkingChatClient 1141063599 (in milliseconds):

Round Trip Times for BenchmarkingChatClient 1732481859 (in milliseconds):

2144
Round Trip Times for BenchmarkingChatClient 922694890 (in milliseconds):

6800
6704
6493
6345
6198
6045
5902
5745
5596
5438
5293
5127
4946
4793
4642
4471
4385
4216
4010
3860
3713
3547
3266
3113
2986
2834
2675
2607
2408
2259
2104
1961
1808
1648
1475
1289
1145
983
823
618
472
329
297
152
208
301
310
Round Trip Times for BenchmarkingChatClient 1780366194 (in milliseconds):

Round Trip Times for BenchmarkingChatClient 1569289322 (in milliseconds):

508
1209
697
478
296
228
316
246
404
244
476
364
3637
3554
5053
4883
4729
4520
4393
4182
3967
3807
3685
3503
3374
3227
3072
2791
2447
2188
1893
1711
2075
1843
1934
1649
1397
865
291
356
287
292
368
332
306
385
362
332
224
Round Trip Times for BenchmarkingChatClient 118601065 (in milliseconds):

311
194
152
243
307
368
327
308
385
342
314
363
430
443
433
2478
Round Trip Times for BenchmarkingChatClient 2036189509 (in milliseconds):

Round Trip Times for BenchmarkingChatClient 59173575 (in milliseconds):

2521
2383
2164
1967
1721
1564
1424
1267
815
630
443
377
452
2821
2723
2561
2433
2172
2153
1992
658
492
312
189
449
271
281
131
162
295
368
295
359
358
244
140
225
292
275
299
298
297
303
304
292
295
303
299
296
Round Trip Times for BenchmarkingChatClient 2033998912 (in milliseconds):

455
441
285
420
342
365
519
342
522
1009
988
1821
1759
1756
1755
1683
1584
1582
912
1508
1507
1237
1236
1236
939
975
488
340
473
276
317
335
293
163
85
239
205
204
238
437
463
386
330
294
220
Round Trip Times for BenchmarkingChatClient 890414695 (in milliseconds):

292
237
308
378
347
284
303
315
206
217
148
141
155
219
323
322
302
307
278
303
296
291
304
307
304
293
294
306
299
300
299
312
310
295
291
284
229
425
303
153
223
297
296
305
300
358
345
317
330
Round Trip Times for BenchmarkingChatClient 601252738 (in milliseconds):

373
448
379
2044
1933
2025
1524
1286
1077
926
4411
3880
3630
3196
3072
2918
3005
3723
3530
3530
3529
3529
3529
3313
3312
3313
3313
3313
3312
3101
3010
2877
2813
1108
1002
849
839
653
572
368
404
343
274
344
344
389
311
Round Trip Times for BenchmarkingChatClient 713550810 (in milliseconds):

183
368
231
233
311
293
143
309
234
152
1061
895
690
527
291
1023
713
663
583
634
478
319
353
343
295
250
440
417
473
373
346
344
243
209
228
198
258
287
216
267
205
192
341
280
316
302
262
149
413
Round Trip Times for BenchmarkingChatClient 1518310187 (in milliseconds):

Round Trip Times for BenchmarkingChatClient 1882308150 (in milliseconds):

965
352
352
336
268
317
371
317
885
419
321
258
400
421
393
792
559
631
429
345
419
347
293
423
492
488
309
575
476
361
154
207
262
129
328
349
385
359
332
227
255
206
65
182
242
301
298
296
293
Round Trip Times for BenchmarkingChatClient 1094781010 (in milliseconds):

Exception in thread "main" java.lang.OutOfMemoryError: unable to create new native thread
	at java.lang.Thread.start0(Native Method)
	at java.lang.Thread.start(Thread.java:614)
	at edu.berkeley.cs.cs162.BenchmarkingChatClient.main(BenchmarkingChatClient.java:65)
Round Trip Times for BenchmarkingChatClient 531877798 (in milliseconds):

3968
3862
3717
3546
3368
3217
3069
2894
2808
2605
2435
2281
2138
1972
1691
1539
1380
1258
1199
1064
940
790
634
491
342
211
319
353
301
272
140
148
161
251
312
298
295
354
291
529
509
441
308
324
211
299
303
320
348
Round Trip Times for BenchmarkingChatClient 1876136216 (in milliseconds):

Round Trip Times for BenchmarkingChatClient 69891071 (in milliseconds):

1812
1365
2357
2168
1999
1844
1636
1509
1299
408
456
1517
1369
1072
917
931
687
463
390
314
397
337
387
380
297
263
296
329
300
293
138
160
212
295
299
303
161
231
171
213
156
241
298
303
306
316
301
277
295
Round Trip Times for BenchmarkingChatClient 1314987138 (in milliseconds):

395
411
395
1494
1264
1074
926
1054
2715
2537
2242
3308
2143
2142
2644
2643
2510
2510
2509
2382
2256
2030
1988
1876
Round Trip Times for BenchmarkingChatClient 1335997717 (in milliseconds):

Round Trip Times for BenchmarkingChatClient 382779558 (in milliseconds):

2875
2795
2657
2505
2315
2142
1983
1844
1671
1420
1231
1077
1080
999
844
601
455
1709
1527
1351
1293
1195
1207
1072
992
4219
4226
4225
3782
3722
3496
3458
3455
5746
5743
1601
881
416
319
316
603
555
424
323
739
471
470
470
350
Round Trip Times for BenchmarkingChatClient 24163956 (in milliseconds):

452
405
405
404
531
373
471
380
527
463
4419
3950
3790
843
706
706
947
947
946
946
946
670
425
424
577
577
577
577
1448
1448
ERROR - COULD NOT WRITE RTT TO FILE
Round Trip Times for BenchmarkingChatClient 1917530253 (in milliseconds):

1263
1141
1007
855
665
489
331
452
437
304
309
832
2313
2125
1946
1677
1502
1344
1266
1225
398
398
397
398
396
Round Trip Times for BenchmarkingChatClient 301985803 (in milliseconds):

424
378
1004
871
736
691
668
390
239
322
218
416
327
266
4611
4561
4409
4380
596
595
248
374
284
348
410
362
370
357
356
351
248
166
252
230
304
330
196
211
207
192
355
277
345
303
296
425
490
487
296
Round Trip Times for BenchmarkingChatClient 1791408918 (in milliseconds):

Round Trip Times for BenchmarkingChatClient 1959900734 (in milliseconds):

4241
4054
4026
3874
3849
3050
3049
3050
3050
3050
3049
3049
3050
2946
2875
2790
2628
2551
2513
2507
2499
2475
2390
3229
3105
3047
3018
3002
2914
2883
2792
2759
2597
2440
2144
1937
1792
1981
343
430
328
275
325
272
205
391
888
636
1470
Round Trip Times for BenchmarkingChatClient 1073500749 (in milliseconds):

2704
2518
2447
247
75
72
227
319
361
330
319
320
388
346
112
227
159
318
343
339
322
292
1209
554
655
654
654
787
787
531
497
580
374
376
342
494
528
496
801
509
288
298
362
334
311
307
308
294
294
140
Round Trip Times for BenchmarkingChatClient 1535429243 (in milliseconds):

Exception in thread "Thread-0" java.lang.OutOfMemoryError: unable to create new native thread
	at java.lang.Thread.start0(Native Method)
	at java.lang.Thread.start(Thread.java:614)
	at edu.berkeley.cs.cs162.BenchmarkingChatClient.connect(BenchmarkingChatClient.java:386)
	at edu.berkeley.cs.cs162.BenchmarkingChatClient.executeCommand(BenchmarkingChatClient.java:294)
	at edu.berkeley.cs.cs162.BenchmarkingChatClient.run(BenchmarkingChatClient.java:82)
Round Trip Times for BenchmarkingChatClient 813236127 (in milliseconds):

4228
4452
4293
4168
3975
3859
3718
3570
3420
3259
3110
2966
2963
2812
2663
2511
2369
2222
2064
1921
1835
1646
1470
1311
1175
1001
1928
1247
1004
762
583
401
995
811
594
386
359
319
359
339
Round Trip Times for BenchmarkingChatClient 1783975610 (in milliseconds):

Round Trip Times for BenchmarkingChatClient 983010348 (in milliseconds):

1076
328
370
415
1087
3858
3769
3709
3644
3597
3493
3466
3341
3333
3223
223
319
178
112
104
308
278
296
415
602
580
2030
1769
1476
1312
1172
927
703
526
335
210
168
406
494
487
263
260
414
321
297
390
371
296
359
Round Trip Times for BenchmarkingChatClient 651594787 (in milliseconds):

2318
2203
2044
1899
1729
1025
895
760
581
401
340
466
264
983
857
820
777
772
659
609
1287
1258
3223
3223
Round Trip Times for BenchmarkingChatClient 149427455 (in milliseconds):

367
306
279
376
856
507
3236
3234
3235
2938
405
405
404
404
547
376
443
411
397
370
402
535
419
403
365
492
524
480
745
431
346
296
388
379
298
263
219
308
292
292
288
214
66
157
243
295
298
222
69
Round Trip Times for BenchmarkingChatClient 900564346 (in milliseconds):

Round Trip Times for BenchmarkingChatClient 679508148 (in milliseconds):

523
440
393
1297
1216
1217
1217
1217
1216
1216
1215
1215
1215
1215
1233
1233
1233
1130
1050
978
874
818
742
500
339
1246
1085
961
800
592
594
312
362
226
310
981
844
690
553
641
297
539
835
769
615
449
437
430
336
Round Trip Times for BenchmarkingChatClient 2046163542 (in milliseconds):

Round Trip Times for BenchmarkingChatClient 1018110513 (in milliseconds):

1906
1838
1714
1716
319
320
317
315
284
285
217
280
297
411
602
586
520
532
422
448
371
377
538
420
403
364
494
529
496
654
510
296
298
370
332
308
390
333
328
236
260
209
66
154
239
298
297
216
203
Round Trip Times for BenchmarkingChatClient 1794466764 (in milliseconds):

Round Trip Times for BenchmarkingChatClient 906702622 (in milliseconds):

Round Trip Times for BenchmarkingChatClient 1505191741 (in milliseconds):

1862
1738
1558
1396
1140
941
686
494
315
399
1660
1358
1154
1139
1348
Round Trip Times for BenchmarkingChatClient 113432111 (in milliseconds):

3199
3204
3144
709
708
708
708
708
710
Round Trip Times for BenchmarkingChatClient 1835228066 (in milliseconds):

4143
4048
3863
3784
3556
2715
2561
2555
2821
2659
2424
2266
3447
3459
5053
5053
5052
4807
4870
4869
2332
Round Trip Times for BenchmarkingChatClient 1588309566 (in milliseconds):

3889
3710
3658
3606
3474
3346
612
674
477
470
467
467
464
464
463
463
428
624
783
780
527
526
526
525
525
525
370
291
405
490
482
648
432
418
313
296
392
371
295
357
359
245
142
222
292
274
301
300
297
Round Trip Times for BenchmarkingChatClient 1134032567 (in milliseconds):

Exception in thread "Thread-0" java.lang.OutOfMemoryError: unable to create new native thread
	at java.lang.Thread.start0(Native Method)
	at java.lang.Thread.start(Thread.java:614)
	at edu.berkeley.cs.cs162.BenchmarkingChatClient.connect(BenchmarkingChatClient.java:386)
	at edu.berkeley.cs.cs162.BenchmarkingChatClient.executeCommand(BenchmarkingChatClient.java:294)
	at edu.berkeley.cs.cs162.BenchmarkingChatClient.run(BenchmarkingChatClient.java:82)
Round Trip Times for BenchmarkingChatClient 45730733 (in milliseconds):

160
276
297
295
296
251
241
284
318
374
309
234
144
281
393
699
466
402
255
310
424
429
443
429
422
309
288
1846
1558
1438
1230
1083
ERROR - COULD NOT WRITE RTT TO FILE
Round Trip Times for BenchmarkingChatClient 1463057435 (in milliseconds):

7172
7067
6928
6782
6633
6485
6338
6182
6034
5875
5727
5560
5378
5227
5075
4902
4815
4616
4442
4324
4182
4018
3738
3690
3529
3381
3222
3090
2912
2760
2605
2463
2311
2149
1998
1805
1666
1497
1363
1222
1071
924
777
590
450
386
266
411
Round Trip Times for BenchmarkingChatClient 498692960 (in milliseconds):

Exception in thread "Thread-0" java.lang.OutOfMemoryError: unable to create new native thread
	at java.lang.Thread.start0(Native Method)
	at java.lang.Thread.start(Thread.java:614)
	at edu.berkeley.cs.cs162.BenchmarkingChatClient.connect(BenchmarkingChatClient.java:386)
	at edu.berkeley.cs.cs162.BenchmarkingChatClient.executeCommand(BenchmarkingChatClient.java:294)
	at edu.berkeley.cs.cs162.BenchmarkingChatClient.run(BenchmarkingChatClient.java:82)
Round Trip Times for BenchmarkingChatClient 1941711526 (in milliseconds):

889
1089
794
1201
576
454
516
521
266
319
371
438
294
1951
1787
1052
390
422
499
432
296
291
371
344
233
93
355
197
130
301
312
239
89
163
217
303
241
89
202
159
207
235
89
210
387
299
209
317
Round Trip Times for BenchmarkingChatClient 1513555504 (in milliseconds):

Round Trip Times for BenchmarkingChatClient 319978228 (in milliseconds):

326
355
271
341
431
443
432
422
295
306
308
363
345
467
418
156
213
410
448
1892
1717
3336
2293
1937
1936
Round Trip Times for BenchmarkingChatClient 1869253519 (in milliseconds):

1900
1787
5607
5607
5607
5609
5609
6006
6009
5847
5848
5848
5847
5847
5847
5847
5847
5847
405
405
310
309
305
305
469
446
494
434
291
290
370
332
307
386
357
298
295
287
297
300
303
298
214
70
157
239
159
209
294
Round Trip Times for BenchmarkingChatClient 51760973 (in milliseconds):

3768
3714
3570
3399
3273
3033
2862
2731
2577
2426
2283
2137
1981
1836
1679
1564
1425
1273
1128
976
828
664
525
373
234
278
306
213
157
163
200
146
250
320
351
332
301
325
259
394
465
305
208
58
245
282
289
308
299
Round Trip Times for BenchmarkingChatClient 2011161028 (in milliseconds):

Exception in thread "main" java.lang.OutOfMemoryError: unable to create new native thread
	at java.lang.Thread.start0(Native Method)
	at java.lang.Thread.start(Thread.java:614)
	at edu.berkeley.cs.cs162.BenchmarkingChatClient.main(BenchmarkingChatClient.java:65)
Round Trip Times for BenchmarkingChatClient 1311609106 (in milliseconds):

614
435
3881
407
495
437
415
400
369
1403
1270
979
702
429
316
377
492
653
214
207
263
129
327
266
299
376
242
122
223
296
277
300
300
299
239
92
215
283
240
98
207
214
233
86
307
298
165
110
140
Round Trip Times for BenchmarkingChatClient 712796380 (in milliseconds):

7786
7628
7492
7429
7270
7064
6918
6770
6604
6453
6304
6159
5948
5860
5695
5586
5402
5288
5141
4996
4846
4686
4535
4396
4183
4035
3946
3739
3650
3684
3525
3380
3231
3031
2853
2716
2562
2417
Round Trip Times for BenchmarkingChatClient 943295762 (in milliseconds):

3815
3713
3267
3211
3211
3210
3210
3211
7267
7208
7208
7207
7207
7208
7208
6581
7102
7102
7101
7101
7101
7101
6973
6425
6238
2133
2116
1621
1620
1620
1619
364
363
363
362
362
487
429
291
297
365
332
311
388
339
331
350
315
299
Round Trip Times for BenchmarkingChatClient 1670504083 (in milliseconds):

6380
6246
6092
5850
5614
5397
5189
5040
4898
4725
4590
4436
4301
4143
4005
3854
3700
3547
3404
3255
3098
2884
2724
2533
2403
2226
2010
1875
1695
1531
1355
1192
1035
905
835
655
460
313
182
239
148
216
298
290
320
298
368
412
300
Round Trip Times for BenchmarkingChatClient 1150779134 (in milliseconds):

Round Trip Times for BenchmarkingChatClient 1150523293 (in milliseconds):

2774
2607
2579
2578
2513
2499
2447
2447
2304
2305
2150
2150
2009
2053
1907
1906
1750
1607
1456
1267
1222
1066
926
751
521
316
701
2137
2054
1899
2758
2738
2838
1153
1006
862
823
840
713
714
281
322
221
218
524
444
316
372
160
Round Trip Times for BenchmarkingChatClient 155663312 (in milliseconds):

7314
7233
7100
6958
6810
6642
6514
6275
6102
5974
5823
5664
5523
5374
5222
5075
4920
4776
4626
4474
4326
4234
4091
3925
3786
3699
3558
3345
3256
3106
2962
2806
2658
2500
2351
2181
2009
1855
1714
1534
1453
1148
994
845
685
540
336
247
151
Round Trip Times for BenchmarkingChatClient 153859834 (in milliseconds):

Round Trip Times for BenchmarkingChatClient 1756631446 (in milliseconds):

Round Trip Times for BenchmarkingChatClient 121738477 (in milliseconds):

469
829
626
436
343
341
397
369
423
493
379
215
898
723
443
3347
3015
2882
2638
2574
2427
2260
2047
1842
1578
1412
1258
1309
1181
1051
832
672
553
372
431
283
455
610
457
407
2289
1995
339
522
504
470
429
289
Round Trip Times for BenchmarkingChatClient 253522640 (in milliseconds):

Round Trip Times for BenchmarkingChatClient 1649816105 (in milliseconds):

468
347
874
763
626
441
429
246
217
315
2006
1874
1766
1367
1254
1121
975
679
520
463
360
276
194
207
340
351
260
436
414
313
294
391
380
295
264
300
326
328
229
261
209
67
155
238
294
298
185
212
286
Round Trip Times for BenchmarkingChatClient 2066266499 (in milliseconds):

706
928
789
521
686
453
1225
2526
2269
2152
1871
1871
1624
1624
1623
3079
3031
3031
2968
2967
2968
2949
2973
3053
3053
3052
3052
3052
2964
2960
2960
2919
2918
2916
2866
2835
3411
3308
Round Trip Times for BenchmarkingChatClient 931850685 (in milliseconds):

431
478
396
312
399
427
499
547
380
178
581
681
536
551
357
329
444
445
285
507
509
1336
1376
1376
1204
1205
1172
1172
1172
1098
2768
2749
2716
1932
1932
1932
1893
1893
1924
1931
Round Trip Times for BenchmarkingChatClient 11749118 (in milliseconds):

Round Trip Times for BenchmarkingChatClient 771972207 (in milliseconds):

272
270
250
108
56
162
432
342
286
863
1157
480
307
216
313
423
434
363
372
2794
2580
2158
110
397
371
440
341
335
389
310
273
298
418
699
579
456
288
330
415
425
329
493
463
362
420
369
575
525
499
Round Trip Times for BenchmarkingChatClient 600767174 (in milliseconds):

Round Trip Times for BenchmarkingChatClient 1976590423 (in milliseconds):

193
153
87
222
221
218
216
214
210
208
201
162
163
161
163
221
219
281
280
278
215
212
206
204
198
196
191
165
153
151
147
145
142
261
198
172
128
121
263
153
208
240
104
211
296
305
327
358
326
Round Trip Times for BenchmarkingChatClient 1174821027 (in milliseconds):

3152
2944
2847
2076
2075
2075
2075
2075
2075
2075
2074
2073
2004
2004
2004
2665
2664
2468
2163
1991
1841
1631
1503
1293
1073
680
576
691
533
472
577
2675
2483
2263
1969
1804
1663
1418
1197
1018
810
611
871
625
464
561
346
159
207
146
Round Trip Times for BenchmarkingChatClient 860975822 (in milliseconds):

3630
3269
3204
3048
1993
469
470
469
1593
3299
3381
3380
3253
3253
3253
3253
3252
3252
3252
3252
3251
3251
3251
3251
3251
3097
3155
3151
3151
3150
3149
3149
3149
3147
3147
3146
3146
3145
3146
3146
3319
3306
3307
3634
1178
1002
921
472
Round Trip Times for BenchmarkingChatClient 1170855256 (in milliseconds):

346
384
445
305
170
317
311
415
315
225
369
237
1108
736
ERROR - COULD NOT WRITE RTT TO FILE
Round Trip Times for BenchmarkingChatClient 330312570 (in milliseconds):

1222
1176
1025
883
731
585
427
266
243
293
295
303
302
234
148
152
148
143
170
323
225
158
155
281
395
457
503
416
322
245
370
421
339
318
184
337
Round Trip Times for BenchmarkingChatClient 1344077438 (in milliseconds):

Round Trip Times for BenchmarkingChatClient 943829700 (in milliseconds):

750
538
400
317
1695
1052
1198
1083
842
583
429
399
1478
1289
259
394
351
311
573
493
293
293
298
127
155
230
383
334
326
235
261
206
65
181
240
298
301
298
353
210
234
98
217
234
86
306
300
210
314
Round Trip Times for BenchmarkingChatClient 2060321905 (in milliseconds):

5559
4752
4558
4411
4267
4096
5065
4887
4479
4418
4182
4209
4053
3886
3643
3437
3181
3011
2926
2735
2605
2394
2176
2019
1897
1775
1678
1677
1677
1675
1693
1756
1725
1724
1597
1567
Round Trip Times for BenchmarkingChatClient 1459720419 (in milliseconds):

5059
1044
452
452
452
451
451
451
451
343
492
2680
2680
3104
420
469
160
137
204
147
371
215
232
384
335
329
351
317
165
239
303
299
154
216
289
239
96
151
213
158
242
306
316
302
278
294
299
303
271
Round Trip Times for BenchmarkingChatClient 1083568116 (in milliseconds):

260
439
454
312
169
331
333
401
1716
2930
2786
2576
2586
4454
4316
2541
2347
2206
1598
1372
1262
1054
872
784
638
481
206
376
407
364
414
419
1232
171
321
492
459
497
601
365
93
88
99
146
144
144
Round Trip Times for BenchmarkingChatClient 499689788 (in milliseconds):

546
411
252
204
282
438
289
2093
1998
1715
1662
1547
1496
1422
1393
1306
1395
1259
1178
2132
2131
2131
1829
1829
1829
1829
1829
1829
451
421
379
378
412
449
407
318
313
478
382
276
542
379
241
217
409
490
489
Round Trip Times for BenchmarkingChatClient 623949495 (in milliseconds):

Round Trip Times for BenchmarkingChatClient 272888532 (in milliseconds):

Round Trip Times for BenchmarkingChatClient 1840057060 (in milliseconds):

3081
2360
673
672
672
674
673
673
673
672
591
591
591
572
572
572
571
571
571
571
1186
1077
389
532
427
455
341
413
315
374
232
367
315
404
342
415
397
293
424
813
567
294
368
347
346
297
315
377
373
Round Trip Times for BenchmarkingChatClient 1047498747 (in milliseconds):

2122
2159
2001
1996
1762
1463
1257
1110
951
889
697
550
561
403
1339
1156
1150
1150
937
943
942
764
606
604
524
506
410
384
2030
1766
1589
1428
390
289
1607
1446
1261
1030
882
713
476
421
394
283
420
523
399
Round Trip Times for BenchmarkingChatClient 162420513 (in milliseconds):

6677
6504
6353
6207
6058
5892
6479
6334
6189
5981
5891
5729
5603
5454
5244
6823
6675
6525
6366
6215
6075
5860
5743
5655
5448
5358
5207
5048
4903
4755
4577
4405
4270
4113
3968
3811
3635
3426
3154
2967
2498
738
816
637
506
Round Trip Times for BenchmarkingChatClient 1095168114 (in milliseconds):

Round Trip Times for BenchmarkingChatClient 1667442097 (in milliseconds):

5682
5645
5500
5316
5175
5048
4887
4741
4603
4524
4383
4227
4082
3929
3785
3626
3485
3976
3729
3583
3492
3286
3196
3046
2887
2742
2592
2395
2219
2083
1927
1781
1626
1449
1261
1124
899
1510
1162
871
714
554
344
385
341
575
767
570
345
Round Trip Times for BenchmarkingChatClient 178090493 (in milliseconds):

467
400
343
325
390
390
389
389
389
389
388
370
369
370
369
369
369
2698
850
762
691
625
6853
6847
6767
6735
6375
6289
6137
5998
5850
5719
5662
493
492
492
345
403
287
491
486
421
574
493
288
299
369
330
307
Round Trip Times for BenchmarkingChatClient 1707760366 (in milliseconds):

Exception in thread "Thread-0" java.lang.OutOfMemoryError: unable to create new native thread
	at java.lang.Thread.start0(Native Method)
	at java.lang.Thread.start(Thread.java:614)
	at edu.berkeley.cs.cs162.BenchmarkingChatClient.connect(BenchmarkingChatClient.java:386)
	at edu.berkeley.cs.cs162.BenchmarkingChatClient.executeCommand(BenchmarkingChatClient.java:294)
	at edu.berkeley.cs.cs162.BenchmarkingChatClient.run(BenchmarkingChatClient.java:82)
