Round Trip Times for BenchmarkingChatClient 2075577624 (in milliseconds):

1615
1566
1397
680
3451
5956
6169
7217
7217
8883
7488
7851
7139
7199
7161
6357
5735
5533
5549
4853
4519
4321
4201
6590
6288
4400
4126
4347
4496
4190
4052
4030
4052
Round Trip Times for BenchmarkingChatClient 1093560196 (in milliseconds):

383
292
53
635
657
1721
1521
1368
1338
780
464
797
2865
2284
2175
6026
6119
6932
5125
4975
4205
4844
4777
3895
3744
3596
3144
3141
5024
4881
4754
4869
4970
4433
4299
4424
5297
5398
5251
5145
5002
5092
4856
Round Trip Times for BenchmarkingChatClient 990366126 (in milliseconds):

9143
Round Trip Times for BenchmarkingChatClient 984901420 (in milliseconds):

6754
6611
6409
5841
6656
6853
6907
6908
7621
7470
6786
6722
6717
6670
6772
7460
7343
7198
8755
9792
9278
8795
8527
9465
9285
Round Trip Times for BenchmarkingChatClient 1426619549 (in milliseconds):

1508
989
532
3805
1324
809
659
1767
1975
1760
1558
1624
1395
1119
605
959
1295
4314
6896
6645
6456
6280
6604
6591
6587
6508
6208
5466
5460
4183
4634
Round Trip Times for BenchmarkingChatClient 52803329 (in milliseconds):

288
384
287
296
179
257
383
493
301
291
312
327
370
208
451
201
288
532
301
205
300
613
750
428
638
598
1886
769
617
976
2865
2746
2563
2437
2189
1596
2450
1787
1823
1600
1875
1987
665
1612
1318
Round Trip Times for BenchmarkingChatClient 1266151054 (in milliseconds):

Round Trip Times for BenchmarkingChatClient 169871916 (in milliseconds):

8323
8321
8313
8451
8446
8387
8370
8366
8277
6671
6478
6323
5095
4754
2171
2146
2199
2199
2198
2429
2495
2643
2751
2752
2760
2765
2950
Round Trip Times for BenchmarkingChatClient 259556209 (in milliseconds):

1119
1567
1293
993
1469
992
709
1261
758
1594
1287
1591
470
586
2082
2022
1799
2658
7520
7503
7596
7448
7658
6764
6725
6302
6201
6244
7268
7481
7275
Round Trip Times for BenchmarkingChatClient 1063489030 (in milliseconds):

6778
6643
6579
6341
6532
6550
6268
6159
6180
6056
5903
5845
5813
5847
7726
7598
7651
7508
7403
7237
7076
6925
6495
6478
6202
6140
ERROR - COULD NOT WRITE RTT TO FILE
Round Trip Times for BenchmarkingChatClient 828501606 (in milliseconds):

6147
5990
7629
7497
7430
7527
7279
7134
5286
5217
5983
6119
6118
6108
6105
5862
5872
5862
7106
7080
7204
Round Trip Times for BenchmarkingChatClient 1568365231 (in milliseconds):

210
153
306
67
472
364
278
390
549
311
327
373
443
451
201
285
530
303
205
299
613
693
293
1955
1455
1341
1944
1716
1152
1094
590
1581
3409
3233
3215
1410
1287
2003
Round Trip Times for BenchmarkingChatClient 1133951647 (in milliseconds):

Round Trip Times for BenchmarkingChatClient 1906393985 (in milliseconds):

9131
12266
12172
12165
12229
12173
12746
12739
12574
12555
12383
12128
11513
11073
9739
12643
13278
13228
15009
14869
14541
16099
15891
15835
13162
11559
10350
10109
10106
9752
9535
9596
4518
4489
4620
6962
7099
6952
6951
6819
6784
5966
Round Trip Times for BenchmarkingChatClient 864113774 (in milliseconds):

1997
1526
1368
2482
2680
2459
2658
1734
1043
858
790
2012
2848
1212
1339
1198
1003
461
458
1354
1500
1585
923
2994
3005
2933
2729
2183
2179
5598
5095
5105
4168
3309
1722
2713
2847
2799
2634
2617
2389
2396
2302
Round Trip Times for BenchmarkingChatClient 556824355 (in milliseconds):

2223
3338
4475
4540
4250
4147
3889
3719
3463
3136
3065
1867
533
4172
1964
1813
1134
667
602
888
829
2413
3608
3649
3085
2677
2647
2534
2711
3080
2789
5653
5649
5780
3880
4101
4099
Round Trip Times for BenchmarkingChatClient 1118187801 (in milliseconds):

2167
1776
5513
5197
4013
2967
3263
3150
3867
6413
4362
3159
3829
3709
3831
7298
7244
7132
7023
9323
9852
9825
7898
7693
6855
7103
7090
6893
6797
7108
6397
Round Trip Times for BenchmarkingChatClient 106414033 (in milliseconds):

2562
8698
6284
6043
5990
5596
5358
5052
3868
6061
5802
4795
4702
6880
7123
7183
7060
7145
7943
9924
9671
9774
9717
9512
9355
7584
7772
7462
7406
7165
8156
Round Trip Times for BenchmarkingChatClient 862592249 (in milliseconds):

1003
889
1977
4343
2394
6499
610
2009
3358
3894
4184
4144
4202
4344
4348
4350
4316
5670
7719
7685
7633
7623
7769
7747
5312
4710
5516
5513
4105
2437
2458
2454
2312
2308
2305
2401
2592
2585
3133
Round Trip Times for BenchmarkingChatClient 875518557 (in milliseconds):

1991
1721
1564
1089
2694
2238
2073
1851
453
329
449
453
5761
3783
3570
2803
2306
1927
2057
1958
1200
1273
4923
4725
3294
1795
1304
2552
2701
2684
2632
3296
3349
3389
3384
2976
2853
3033
2026
1886
2356
1708
1024
923
2234
Round Trip Times for BenchmarkingChatClient 417694791 (in milliseconds):

1520
2263
2251
2257
1827
667
468
995
1185
1215
1210
1204
1200
1331
1211
1386
1266
1101
1099
1001
1119
4392
4148
4691
2886
1761
1454
1581
1541
1803
1786
1187
1498
1715
1679
1458
1434
1375
726
505
649
535
1269
Round Trip Times for BenchmarkingChatClient 1198408930 (in milliseconds):

3989
2959
2912
2620
2517
3814
5051
5022
5060
5061
5259
5233
5084
5093
5013
4550
4500
4779
4821
4603
4877
4801
4508
4431
4124
5171
5876
4184
ERROR - COULD NOT WRITE RTT TO FILE
Round Trip Times for BenchmarkingChatClient 1398438967 (in milliseconds):

5582
4310
4376
5307
5218
7422
5983
4654
4653
4515
4609
4602
4610
4471
4464
4619
4573
4783
4869
4876
4937
6259
Round Trip Times for BenchmarkingChatClient 1581502560 (in milliseconds):

336
312
633
447
3298
1853
633
663
2964
3214
3108
1724
1044
1247
1055
1615
1321
4857
3804
3728
9960
10458
10453
10447
10440
10134
10197
10034
9831
10000
10052
8661
6949
Round Trip Times for BenchmarkingChatClient 659117127 (in milliseconds):

179
92
348
488
544
392
173
1523
1789
1786
1213
497
1972
408
849
644
1004
541
3256
1171
670
1005
614
371
1215
1550
1350
594
458
344
832
747
306
300
295
1189
1192
451
375
278
257
1257
1258
1238
1265
1153
1012
955
905
Round Trip Times for BenchmarkingChatClient 1868396774 (in milliseconds):

Round Trip Times for BenchmarkingChatClient 1523402616 (in milliseconds):

11996
12388
12313
12175
9274
9148
7724
7572
7427
7171
8691
7828
7643
7585
7806
7777
Round Trip Times for BenchmarkingChatClient 985168419 (in milliseconds):

6379
6436
6494
6349
6316
6281
7794
8759
8615
8467
8302
8198
8078
7646
7631
7416
7811
7797
8248
8183
7647
7643
7503
8993
8869
10003
7534
7381
7557
7151
6722
8380
7623
7042
7125
Round Trip Times for BenchmarkingChatClient 1417228443 (in milliseconds):

8919
8685
8674
8505
8502
9319
7930
6737
8504
8521
8451
7853
7252
7249
7410
7314
4812
4759
5035
4479
4697
4744
4449
4463
4276
4272
4022
3938
Round Trip Times for BenchmarkingChatClient 1549824364 (in milliseconds):

4576
4363
6145
6185
5913
5718
5621
5422
5420
4926
4854
4474
4481
3620
3703
2051
1915
1601
1622
1299
893
2937
2439
2246
1870
1735
903
1323
2530
1972
3501
2912
2845
1498
1470
Round Trip Times for BenchmarkingChatClient 1144486161 (in milliseconds):

3146
4491
4946
4491
5804
5774
6646
6391
6386
6265
6263
6260
6254
6112
6049
6146
4457
4893
4748
5210
4701
4917
3588
3428
2683
2343
2710
2690
4211
4104
4041
Round Trip Times for BenchmarkingChatClient 508769564 (in milliseconds):

154
293
296
213
264
300
346
364
292
315
166
361
452
394
294
431
306
331
300
261
400
686
377
903
2036
6722
6463
6292
5682
5563
4954
4645
4488
4121
4260
4956
4790
4119
4042
3806
5028
4533
4197
Round Trip Times for BenchmarkingChatClient 282990046 (in milliseconds):

5998
6077
Round Trip Times for BenchmarkingChatClient 1263045113 (in milliseconds):

7671
7883
9389
9083
10000
9467
9296
9153
9158
9036
9307
Round Trip Times for BenchmarkingChatClient 1702567077 (in milliseconds):

2210
1982
1647
1539
511
4263
3184
3577
6194
4753
5188
5184
6497
6848
6951
6973
8387
5610
5596
6361
Round Trip Times for BenchmarkingChatClient 411514091 (in milliseconds):

877
2379
551
806
1960
1985
2024
1862
1488
1350
376
312
137
1781
2072
300
8926
8837
6056
5884
5779
4303
2908
2524
2304
2317
3343
3277
3489
3453
3357
3314
2762
2992
3556
1920
1676
1935
1604
Round Trip Times for BenchmarkingChatClient 2109500657 (in milliseconds):

3330
3176
3028
2744
2650
4659
4470
4379
4026
3959
758
692
6404
5909
6663
6093
6027
8840
9340
11117
11744
12775
13458
14795
15538
15546
15603
15592
Round Trip Times for BenchmarkingChatClient 2005057344 (in milliseconds):

3330
2869
2897
2851
783
2486
6789
6847
8887
8886
8886
8947
9049
9002
10170
10122
9888
15831
15248
14142
14213
14622
14203
14291
14222
11434
11160
8029
7526
6200
Round Trip Times for BenchmarkingChatClient 2126940899 (in milliseconds):

778
1056
1061
2101
6703
6951
4991
6811
7127
5390
5385
5398
5390
5192
4063
4046
5386
5384
5491
6091
5794
5711
5685
5606
5635
5345
5206
5055
5468
5542
5231
5112
4941
4800
4638
4212
5164
5011
Round Trip Times for BenchmarkingChatClient 396029092 (in milliseconds):

1693
1669
4803
4296
4232
4143
2280
1948
3268
2528
2769
843
4487
6841
7026
6771
6543
6532
6511
7361
5818
Round Trip Times for BenchmarkingChatClient 2036004268 (in milliseconds):

737
623
348
272
370
1447
2967
2707
2760
2148
2117
2887
6648
6777
9867
6440
6295
5917
5982
5903
10795
12718
11442
11431
11267
11297
11287
11108
11099
11088
10950
10500
7957
7581
7123
6922
6073
6069
5416
Round Trip Times for BenchmarkingChatClient 1009582489 (in milliseconds):

5731
5663
6018
5806
5782
5755
4483
2874
2889
2983
2676
2681
2977
2542
2027
2141
3638
4917
3862
3628
3511
3413
3189
5664
6446
12483
12340
9199
9096
9088
9165
4258
2456
2313
2306
Round Trip Times for BenchmarkingChatClient 1443501256 (in milliseconds):

4328
4928
6711
6273
6287
6572
7771
7836
7760
7827
7945
8274
7917
7817
7679
Round Trip Times for BenchmarkingChatClient 448575382 (in milliseconds):

838
533
614
2838
2621
2510
1100
1422
2441
2155
2243
1427
2347
2260
2239
2238
1966
4484
7706
Round Trip Times for BenchmarkingChatClient 1236749714 (in milliseconds):

1253
1435
2729
2558
2469
2550
2384
2636
2535
3122
2145
1996
1879
1798
1820
1676
3244
2948
2971
2079
2112
1685
6058
6217
5485
3956
3839
2716
1951
1707
3698
2077
1086
964
813
650
360
3719
3909
3990
3806
3817
3608
2496
1521
1373
Round Trip Times for BenchmarkingChatClient 1099907671 (in milliseconds):

2656
2751
2837
2030
2199
2015
2177
3350
2998
2844
2612
1889
1949
1949
1937
2314
2901
2942
3491
2561
2598
3755
3595
3326
3607
5576
5458
3208
1297
1300
1213
924
971
1745
3332
3562
2094
1883
1767
3738
3885
3827
3887
Round Trip Times for BenchmarkingChatClient 417063040 (in milliseconds):

3659
2480
2340
1742
1253
1261
1080
1059
1488
2164
1756
1892
3076
9408
8437
8432
8473
9201
Round Trip Times for BenchmarkingChatClient 1746712219 (in milliseconds):

594
574
654
6749
3787
3178
3237
3151
2938
2989
3007
2563
2977
5444
8812
9253
13244
12629
9802
10027
10019
9956
10519
9957
Round Trip Times for BenchmarkingChatClient 81657205 (in milliseconds):

3576
3337
3124
3198
4607
4648
4274
4347
3495
3250
2731
7129
7386
7257
7109
7039
7149
5673
4818
3441
3480
3195
3533
3392
3003
2413
2316
2262
2118
2087
2072
2451
4652
6475
ERROR - COULD NOT WRITE RTT TO FILE
Round Trip Times for BenchmarkingChatClient 1451362524 (in milliseconds):

4423
4866
5564
6193
6520
8898
9110
9163
7446
7283
6393
5329
4421
5464
5612
4860
4659
4656
4746
5037
5043
5038
5099
6864
6503
6596
6580
6568
6356
6352
6388
6628
6498
6201
